Point 1
9703, 6366
Point 2
5814, 1964
Point 3
3333, 1786
Point 4
3338, 6354
Point 5
2165, 6633
Point 6
1569, 7735
Point 7
2180, 7116
Point 8
9273, 3077
Point 9
5698, 9949
Point 10
5332, 3599
Point 11
4943, 5400
Point 12
6326, 1482
Point 13
136, 2895
Point 14
9162, 8409
Point 15
906, 6335
Point 16
6197, 2551
Point 17
4032, 5268
Point 18
9634, 1000
Point 19
7574, 2400
Point 20
9225, 5403
Point 21
1307, 7495
Point 22
2282, 9530
Point 23
6019, 2696
Point 24
7840, 8881
Point 25
9753, 4507
Point 26
7442, 4077
Point 27
7314, 3258
Point 28
3471, 1731
Point 29
498, 1723
Point 30
2210, 8789
Point 31
422, 758
Point 32
2874, 8911
Point 33
23, 1317
Point 34
5762, 2360
Point 35
4380, 9000
Point 36
2360, 4071
Point 37
8846, 9425
Point 38
7738, 8139
Point 39
127, 128
Point 40
906, 730
Point 41
3466, 7456
Point 42
1938, 7650
Point 43
9835, 4963
Point 44
5610, 7207
Point 45
672, 3185
Point 46
49, 3811
Point 47
4101, 9381
Point 48
5493, 2835
Point 49
5814, 9767
Point 50
2617, 2652
Point 51
9825, 6142
Point 52
2088, 5497
Point 53
9148, 3361
Point 54
7020, 4804
Point 55
4161, 4093
Point 56
7832, 3025
Point 57
6838, 2512
Point 58
4632, 572
Point 59
2366, 9147
Point 60
5704, 3507
Point 61
5745, 4964
Point 62
1937, 4853
Point 63
9904, 3968
Point 64
6107, 2021
Point 65
3568, 61
Point 66
2798, 708
Point 67
1672, 5756
Point 68
9463, 3868
Point 69
8475, 7403
Point 70
1619, 2874
Point 71
3672, 4069
Point 72
5498, 6808
Point 73
4800, 4927
Point 74
9621, 4998
Point 75
5013, 3072
Point 76
2688, 7360
Point 77
3919, 2064
Point 78
8961, 6886
Point 79
562, 5151
Point 80
3861, 8706
Point 81
1900, 6154
Point 82
1921, 561
Point 83
7122, 5282
Point 84
6402, 219
Point 85
8044, 2759
Point 86
4892, 6408
Point 87
8472, 8094
Point 88
8068, 1174
Point 89
889, 3062
Point 90
9375, 3207
Point 91
7131, 2015
Point 92
1873, 3674
Point 93
814, 4008
Point 94
4743, 8333
Point 95
3187, 7438
Point 96
6013, 2326
Point 97
817, 9335
Point 98
9962, 6922
Point 99
3056, 8303
Point 100
7332, 713
Point 101
9583, 2190
Point 102
4030, 1280
Point 103
3504, 9021
Point 104
9278, 7192
Point 105
3435, 2464
Point 106
7332, 4336
Point 107
8812, 1148
Point 108
7843, 5070
Point 109
6280, 4533
Point 110
8656, 3421
Point 111
1396, 6720
Point 112
1465, 4686
Point 113
9142, 3548
Point 114
5089, 3161
Point 115
8776, 7680
Point 116
3346, 7441
Point 117
3387, 961
Point 118
4519, 8783
Point 119
2213, 3285
Point 120
7199, 4319
Point 121
4238, 2433
Point 122
2978, 3607
Point 123
4881, 9928
Point 124
9860, 3929
Point 125
3698, 3792
Point 126
1539, 7032
Point 127
9927, 285
Point 128
6781, 7623
Point 129
4450, 3216
Point 130
2, 1782
Point 131
1255, 1187
Point 132
8849, 1709
Point 133
8875, 286
Point 134
7100, 1728
Point 135
2411, 2153
Point 136
1521, 9314
Point 137
9756, 5093
Point 138
9438, 4054
Point 139
1393, 8982
Point 140
9758, 6928
Point 141
1788, 3048
Point 142
3904, 2060
Point 143
1760, 9325
Point 144
4720, 3173
Point 145
5497, 3562
Point 146
775, 7404
Point 147
2877, 9646
Point 148
707, 9827
Point 149
7648, 3276
Point 150
7238, 3054
Point 151
4651, 5493
Point 152
3327, 7657
Point 153
4777, 6972
Point 154
3565, 750
Point 155
4623, 9487
Point 156
2351, 2086
Point 157
8921, 1870
Point 158
6656, 9263
Point 159
7738, 3947
Point 160
5255, 6238
Point 161
7153, 3433
Point 162
8187, 2242
Point 163
1680, 7563
Point 164
9903, 1405
Point 165
9043, 3384
Point 166
7079, 6928
Point 167
3093, 8029
Point 168
7364, 7465
Point 169
8612, 3067
Point 170
8525, 7542
Point 171
2559, 5058
Point 172
8327, 8301
Point 173
9915, 7834
Point 174
4300, 9618
Point 175
8680, 682
Point 176
9103, 9753
Point 177
7836, 619
Point 178
1564, 4079
Point 179
4105, 6259
Point 180
5683, 141
Point 181
8192, 5357
Point 182
9915, 2347
Point 183
8873, 8101
Point 184
6824, 5904
Point 185
3766, 3417
Point 186
8890, 6273
Point 187
8905, 6133
Point 188
9651, 7393
Point 189
5355, 8719
Point 190
656, 9170
Point 191
8, 2493
Point 192
3749, 2347
Point 193
9439, 9680
Point 194
5116, 6749
Point 195
238, 9508
Point 196
2207, 7111
Point 197
6578, 8679
Point 198
7149, 9246
Point 199
5975, 8927
Point 200
615, 8110
Point 201
7128, 2181
Point 202
8218, 8513
Point 203
9563, 6856
Point 204
7467, 8643
Point 205
3386, 7201
Point 206
7074, 6390
Point 207
8858, 1291
Point 208
1969, 8515
Point 209
9764, 2262
Point 210
6777, 3116
Point 211
1550, 1672
Point 212
7700, 6564
Point 213
5091, 3519
Point 214
7755, 7095
Point 215
9598, 2358
Point 216
3138, 8603
Point 217
3648, 9201
Point 218
9148, 9788
Point 219
1637, 4463
Point 220
2496, 5838
Point 221
4030, 8054
Point 222
3144, 2029
Point 223
3707, 2938
Point 224
2859, 1281
Point 225
7453, 9927
Point 226
9537, 551
Point 227
1147, 8333
Point 228
6104, 4208
Point 229
9584, 9181
Point 230
241, 6012
Point 231
7022, 5145
Point 232
6566, 5201
Point 233
2518, 4086
Point 234
5987, 6308
Point 235
4922, 1168
Point 236
7935, 6808
Point 237
5989, 7848
Point 238
9910, 1468
Point 239
6487, 4758
Point 240
5357, 7363
Point 241
9423, 9467
Point 242
5287, 8910
Point 243
6513, 9430
Point 244
1224, 8006
Point 245
8933, 5049
Point 246
7116, 356
Point 247
986, 7691
Point 248
5611, 5440
Point 249
5859, 2771
Point 250
9791, 4195
Point 251
5900, 8544
Point 252
4862, 5469
Point 253
5949, 7143
Point 254
5582, 9573
Point 255
7206, 5552
Point 256
4274, 4841
Point 257
791, 733
Point 258
1152, 1012
Point 259
4752, 4894
Point 260
3384, 1462
Point 261
5589, 4032
Point 262
1846, 4838
Point 263
5547, 5318
Point 264
4809, 5487
Point 265
9897, 6601
Point 266
5964, 1212
Point 267
4231, 4412
Point 268
133, 6363
Point 269
392, 5186
Point 270
3750, 8049
Point 271
1066, 8100
Point 272
8811, 3324
Point 273
7311, 6955
Point 274
8331, 5621
Point 275
331, 2781
Point 276
8573, 9416
Point 277
8639, 8517
Point 278
8323, 3121
Point 279
4457, 2020
Point 280
8287, 1557
Point 281
8646, 3895
Point 282
4336, 991
Point 283
1754, 2223
Point 284
6782, 1700
Point 285
9897, 7113
Point 286
4098, 5294
Point 287
8082, 4178
Point 288
3593, 6613
Point 289
306, 7562
Point 290
3435, 2922
Point 291
5330, 9907
Point 292
97, 6334
Point 293
9358, 8812
Point 294
2825, 8925
Point 295
2027, 6729
Point 296
2044, 3829
Point 297
92, 4024
Point 298
1756, 9764
Point 299
3973, 2944
Point 300
6926, 899
Point 301
5952, 3641
Point 302
5614, 8751
Point 303
5205, 2061
Point 304
2186, 7868
Point 305
4094, 3507
Point 306
2323, 2497
Point 307
2179, 4987
Point 308
2730, 7098
Point 309
9270, 4094
Point 310
8478, 9630
Point 311
6499, 2070
Point 312
8725, 2862
Point 313
4872, 3980
Point 314
7180, 5586
Point 315
4058, 9441
Point 316
7159, 2628
Point 317
256, 3269
Point 318
2304, 9762
Point 319
936, 6540
Point 320
3130, 7276
Point 321
5927, 5089
Point 322
6442, 3810
Point 323
8909, 4262
Point 324
9362, 297
Point 325
703, 5856
Point 326
2223, 2380
Point 327
5913, 5623
Point 328
4895, 8510
Point 329
7458, 7448
Point 330
9255, 72
Point 331
9334, 3367
Point 332
6455, 9346
Point 333
6529, 6972
Point 334
1407, 922
Point 335
2448, 1424
Point 336
8461, 2215
Point 337
8415, 2274
Point 338
1665, 9180
Point 339
6889, 9640
Point 340
154, 4019
Point 341
9846, 3856
Point 342
4273, 2684
Point 343
6480, 3682
Point 344
815, 1342
Point 345
9835, 6380
Point 346
6411, 2615
Point 347
278, 4543
Point 348
6571, 4344
Point 349
4817, 5403
Point 350
4105, 5934
Point 351
5203, 4556
Point 352
4736, 9919
Point 353
4466, 7518
Point 354
9625, 9261
Point 355
1078, 9328
Point 356
4182, 4144
Point 357
2303, 4563
Point 358
82, 5523
Point 359
3445, 7515
Point 360
2719, 6551
Point 361
7687, 5068
Point 362
9448, 7125
Point 363
2013, 2847
Point 364
4945, 1283
Point 365
8298, 8584
Point 366
8736, 1958
Point 367
5075, 5321
Point 368
6557, 2648
Point 369
4710, 1089
Point 370
1560, 1022
Point 371
2761, 969
Point 372
3594, 5128
Point 373
1153, 2105
Point 374
4804, 8954
Point 375
4463, 2125
Point 376
7587, 378
Point 377
9075, 6712
Point 378
6623, 1248
Point 379
8300, 2595
Point 380
95, 6242
Point 381
2591, 8108
Point 382
6510, 4468
Point 383
2965, 4654
Point 384
2602, 5350
Point 385
7435, 8891
Point 386
4643, 8222
Point 387
4799, 7275
Point 388
256, 3303
Point 389
7507, 1715
Point 390
255, 207
Point 391
5462, 7508
Point 392
423, 9020
Point 393
5623, 2498
Point 394
1238, 8104
Point 395
8037, 9427
Point 396
9521, 2252
Point 397
7561, 1836
Point 398
9719, 4607
Point 399
1923, 7552
Point 400
4142, 5828
Point 401
1017, 2783
Point 402
827, 4394
Point 403
9372, 4160
Point 404
4904, 2662
Point 405
3560, 5677
Point 406
4381, 4298
Point 407
9017, 2413
Point 408
4026, 54
Point 409
6192, 3166
Point 410
1728, 506
Point 411
4245, 9693
Point 412
107, 6340
Point 413
1625, 1090
Point 414
2450, 9037
Point 415
6764, 8080
Point 416
6077, 7409
Point 417
8854, 3403
Point 418
8175, 8317
Point 419
8221, 1379
Point 420
8793, 3150
Point 421
8152, 1779
Point 422
3214, 5124
Point 423
5217, 602
Point 424
1271, 6347
Point 425
3072, 3084
Point 426
4248, 7696
Point 427
5571, 2334
Point 428
1020, 9069
Point 429
8560, 357
Point 430
3799, 2293
Point 431
6192, 6888
Point 432
450, 4105
Point 433
6794, 5492
Point 434
4708, 2002
Point 435
5394, 5660
Point 436
7849, 1460
Point 437
4826, 4255
Point 438
5342, 9073
Point 439
5032, 9611
Point 440
9881, 2473
Point 441
654, 6818
Point 442
7764, 4570
Point 443
277, 3274
Point 444
9107, 6582
Point 445
6810, 9480
Point 446
3584, 1638
Point 447
7413, 1213
Point 448
2481, 8283
Point 449
3068, 5714
Point 450
4734, 1162
Point 451
2491, 6339
Point 452
9319, 4319
Point 453
2377, 7231
Point 454
8867, 1121
Point 455
6187, 2008
Point 456
9702, 3633
Point 457
6618, 8210
Point 458
1637, 3406
Point 459
2734, 2297
Point 460
6801, 5139
Point 461
1291, 8359
Point 462
557, 4416
Point 463
3261, 7393
Point 464
9088, 830
Point 465
725, 2977
Point 466
7688, 8199
Point 467
6404, 3497
Point 468
922, 4280
Point 469
7918, 680
Point 470
869, 3443
Point 471
1526, 9153
Point 472
2482, 7066
Point 473
5612, 1944
Point 474
5713, 8096
Point 475
2418, 2435
Point 476
2520, 8160
Point 477
7699, 4146
Point 478
3116, 7906
Point 479
1812, 5876
Point 480
9914, 3817
Point 481
2557, 1260
Point 482
9475, 7674
Point 483
9567, 8589
Point 484
2497, 8015
Point 485
2429, 8860
Point 486
9368, 6510
Point 487
9887, 7460
Point 488
4140, 5969
Point 489
5433, 7620
Point 490
2912, 870
Point 491
5406, 1854
Point 492
3563, 5766
Point 493
9314, 946
Point 494
2522, 1674
Point 495
8503, 8730
Point 496
852, 5669
Point 497
8537, 4929
Point 498
6300, 4294
Point 499
2695, 7586
Point 500
156, 7106
Point 501
8820, 1268
Point 502
7791, 2698
Point 503
9465, 7152
Point 504
9549, 5908
Point 505
5711, 6329
Point 506
4313, 1527
Point 507
8364, 8238
Point 508
1517, 6820
Point 509
6312, 2008
Point 510
8606, 2428
Point 511
755, 9651
Point 512
71, 8825
Point 513
5747, 6566
Point 514
1013, 3385
Point 515
31, 6606
Point 516
2935, 1331
Point 517
2482, 6084
Point 518
1930, 2384
Point 519
3684, 3527
Point 520
9804, 3740
Point 521
9089, 9722
Point 522
6744, 9165
Point 523
5047, 5672
Point 524
152, 3467
Point 525
7566, 4430
Point 526
7988, 1371
Point 527
5089, 6476
Point 528
6540, 9913
Point 529
812, 7286
Point 530
1943, 3871
Point 531
7090, 48
Point 532
1938, 4462
Point 533
4348, 6119
Point 534
9408, 2560
Point 535
9567, 712
Point 536
2005, 9027
Point 537
4904, 1584
Point 538
2868, 6406
Point 539
5290, 4028
Point 540
5824, 8177
Point 541
4956, 6348
Point 542
4783, 4054
Point 543
6747, 6190
Point 544
1055, 2405
Point 545
4827, 9561
Point 546
4235, 3754
Point 547
901, 1230
Point 548
1998, 2552
Point 549
6446, 7263
Point 550
1639, 7926
Point 551
8604, 7927
Point 552
1526, 7947
Point 553
5371, 1907
Point 554
3773, 6127
Point 555
6505, 851
Point 556
374, 3284
Point 557
175, 6642
Point 558
3821, 2731
Point 559
1810, 2435
Point 560
9762, 1793
Point 561
796, 2543
Point 562
3690, 8093
Point 563
2755, 5518
Point 564
5817, 4728
Point 565
9960, 9430
Point 566
8294, 4501
Point 567
122, 8242
Point 568
6793, 9718
Point 569
4264, 3457
Point 570
4059, 686
Point 571
7669, 5742
Point 572
6533, 3028
Point 573
4034, 7125
Point 574
6356, 1210
Point 575
1817, 5525
Point 576
186, 3249
Point 577
3557, 9886
Point 578
3106, 9481
Point 579
3445, 5969
Point 580
624, 6477
Point 581
5782, 9
Point 582
4263, 5722
Point 583
7153, 9839
Point 584
6558, 5510
Point 585
8093, 855
Point 586
9426, 3656
Point 587
5828, 7243
Point 588
5813, 8096
Point 589
8271, 7245
Point 590
8278, 2209
Point 591
884, 4949
Point 592
9753, 1793
Point 593
2218, 67
Point 594
1106, 1023
Point 595
1012, 1459
Point 596
7321, 5446
Point 597
7571, 9808
Point 598
9117, 1052
Point 599
4802, 9768
Point 600
9679, 9858
Point 601
9795, 2143
Point 602
6762, 4046
Point 603
5081, 2224
Point 604
8918, 2663
Point 605
9857, 1282
Point 606
828, 7210
Point 607
5325, 4386
Point 608
6817, 4958
Point 609
5084, 9211
Point 610
3489, 1818
Point 611
990, 7319
Point 612
2134, 9724
Point 613
7310, 1502
Point 614
9069, 7077
Point 615
1120, 212
Point 616
7389, 4586
Point 617
4905, 2856
Point 618
6730, 3035
Point 619
8081, 7762
Point 620
8636, 3933
Point 621
7800, 8045
Point 622
3811, 8807
Point 623
5769, 9211
Point 624
4187, 7958
Point 625
7094, 6409
Point 626
7056, 4931
Point 627
9148, 8473
Point 628
765, 8639
Point 629
3362, 581
Point 630
1444, 1117
Point 631
470, 7244
Point 632
8075, 5215
Point 633
247, 2598
Point 634
8857, 3199
Point 635
27, 5535
Point 636
5245, 4180
Point 637
2456, 3067
Point 638
1308, 5568
Point 639
1781, 6509
Point 640
5147, 1353
Point 641
9750, 1544
Point 642
5955, 7880
Point 643
6737, 5068
Point 644
5043, 6047
Point 645
1026, 8798
Point 646
1632, 7323
Point 647
9398, 2085
Point 648
4553, 9883
Point 649
5108, 4113
Point 650
9121, 239
Point 651
5156, 8696
Point 652
4410, 5287
Point 653
7334, 3306
Point 654
9889, 9382
Point 655
8978, 7579
Point 656
1988, 1213
Point 657
3548, 5613
Point 658
517, 5608
Point 659
8232, 615
Point 660
2070, 6121
Point 661
5596, 114
Point 662
2560, 5286
Point 663
4999, 4867
Point 664
3844, 760
Point 665
4926, 4854
Point 666
41, 7210
Point 667
5740, 1268
Point 668
7586, 5792
Point 669
3400, 4338
Point 670
9324, 5313
Point 671
8653, 2949
Point 672
7029, 1787
Point 673
2911, 3547
Point 674
8594, 5963
Point 675
1575, 2617
Point 676
5877, 1645
Point 677
7914, 9146
Point 678
6649, 1135
Point 679
5790, 892
Point 680
9447, 7966
Point 681
7467, 1061
Point 682
3260, 1250
Point 683
3581, 21
Point 684
4915, 424
Point 685
5887, 60
Point 686
5802, 3959
Point 687
9889, 9884
Point 688
6144, 669
Point 689
3619, 9534
Point 690
9396, 7678
Point 691
923, 5708
Point 692
1570, 4805
Point 693
2430, 2117
Point 694
278, 1146
Point 695
5077, 9389
Point 696
6117, 5984
Point 697
1510, 4328
Point 698
4639, 2806
Point 699
4000, 8860
Point 700
630, 2147
Point 701
3600, 4880
Point 702
7636, 6299
Point 703
4182, 2396
Point 704
4787, 6461
Point 705
2744, 4843
Point 706
9829, 849
Point 707
1890, 7286
Point 708
1981, 478
Point 709
7757, 299
Point 710
750, 7840
Point 711
6825, 4778
Point 712
7138, 2577
Point 713
8024, 678
Point 714
1841, 7366
Point 715
2338, 5710
Point 716
953, 6700
Point 717
723, 8422
Point 718
3481, 1049
Point 719
2557, 3750
Point 720
6518, 8941
Point 721
1076, 8145
Point 722
3335, 9913
Point 723
9288, 5649
Point 724
6824, 2024
Point 725
9726, 5962
Point 726
5751, 8593
Point 727
4027, 427
Point 728
4102, 206
Point 729
3856, 2135
Point 730
4420, 9685
Point 731
2945, 1901
Point 732
4497, 9636
Point 733
1128, 2715
Point 734
3045, 4518
Point 735
5192, 1482
Point 736
4027, 1730
Point 737
8060, 8335
Point 738
1228, 9126
Point 739
7379, 630
Point 740
4335, 9578
Point 741
6948, 824
Point 742
5314, 6733
Point 743
9572, 4912
Point 744
9180, 9943
Point 745
7908, 797
Point 746
6409, 516
Point 747
674, 4052
Point 748
5164, 5868
Point 749
5175, 1899
Point 750
303, 2956
Point 751
3531, 4900
Point 752
2661, 7456
Point 753
9227, 9855
Point 754
6531, 542
Point 755
2610, 6728
Point 756
5433, 838
Point 757
8864, 6993
Point 758
6284, 5147
Point 759
9614, 778
Point 760
9901, 7888
Point 761
9819, 5404
Point 762
1406, 5836
Point 763
4881, 8454
Point 764
7549, 1705
Point 765
9026, 4416
Point 766
9209, 7413
Point 767
4907, 5099
Point 768
6449, 5422
Point 769
6121, 516
Point 770
317, 4493
Point 771
8864, 8750
Point 772
364, 4361
Point 773
6306, 418
Point 774
9278, 2386
Point 775
9446, 5798
Point 776
6423, 4087
Point 777
1150, 417
Point 778
167, 8574
Point 779
5912, 7958
Point 780
4836, 9396
Point 781
6448, 7708
Point 782
1910, 1089
Point 783
9661, 7469
Point 784
6625, 1770
Point 785
8737, 1818
Point 786
543, 2566
Point 787
5200, 9937
Point 788
7851, 5347
Point 789
4553, 6836
Point 790
8149, 1264
Point 791
1861, 6732
Point 792
1316, 3946
Point 793
9060, 7586
Point 794
688, 2843
Point 795
4101, 1358
Point 796
9204, 4170
Point 797
3122, 5418
Point 798
9457, 9190
Point 799
758, 6707
Point 800
2659, 2147
Point 801
448, 1777
Point 802
3392, 3081
Point 803
6101, 2606
Point 804
6750, 3939
Point 805
8888, 218
Point 806
1949, 9965
Point 807
8028, 5588
Point 808
1828, 2147
Point 809
2493, 20
Point 810
795, 666
Point 811
1263, 5277
Point 812
4720, 3776
Point 813
3443, 7082
Point 814
5019, 1279
Point 815
5912, 4322
Point 816
5775, 6875
Point 817
5437, 245
Point 818
7107, 9069
Point 819
4215, 1282
Point 820
195, 6004
Point 821
2650, 3718
Point 822
9394, 5646
Point 823
858, 8381
Point 824
4667, 9064
Point 825
857, 8767
Point 826
3234, 1204
Point 827
4690, 8549
Point 828
2748, 527
Point 829
9837, 332
Point 830
9596, 6131
Point 831
2199, 8649
Point 832
4983, 8611
Point 833
8633, 6728
Point 834
8331, 8756
Point 835
5599, 8331
Point 836
2250, 6434
Point 837
7797, 3116
Point 838
5822, 539
Point 839
873, 6395
Point 840
3276, 9681
Point 841
5208, 1878
Point 842
3256, 2488
Point 843
3642, 9107
Point 844
9840, 5837
Point 845
4560, 5587
Point 846
232, 9088
Point 847
3180, 7359
Point 848
5601, 2518
Point 849
8137, 717
Point 850
946, 8532
Point 851
7464, 2097
Point 852
7059, 4929
Point 853
7962, 2773
Point 854
2660, 556
Point 855
4578, 9937
Point 856
7605, 5005
Point 857
1926, 5985
Point 858
8706, 5643
Point 859
8343, 3367
Point 860
8146, 7267
Point 861
4005, 3257
Point 862
728, 1908
Point 863
8519, 2465
Point 864
281, 8928
Point 865
157, 4503
Point 866
7408, 8439
Point 867
8422, 7539
Point 868
499, 4291
Point 869
4003, 4069
Point 870
9386, 6392
Point 871
5325, 4604
Point 872
6387, 5984
Point 873
8903, 370
Point 874
2611, 1618
Point 875
1476, 8110
Point 876
8306, 8060
Point 877
5514, 3433
Point 878
4854, 5123
Point 879
6101, 7834
Point 880
2532, 8508
Point 881
6437, 8502
Point 882
2587, 144
Point 883
1225, 9359
Point 884
4328, 1217
Point 885
2067, 6359
Point 886
7989, 7129
Point 887
6687, 38
Point 888
1918, 9924
Point 889
4222, 3538
Point 890
8269, 417
Point 891
2176, 4870
Point 892
4857, 9187
Point 893
6678, 8092
Point 894
2061, 2890
Point 895
6653, 9199
Point 896
2753, 9929
Point 897
4195, 9078
Point 898
105, 7417
Point 899
8013, 7644
Point 900
2834, 9588
Point 901
4145, 413
Point 902
9939, 6339
Point 903
8326, 1188
Point 904
7326, 9401
Point 905
7339, 2290
Point 906
6834, 2824
Point 907
2522, 6820
Point 908
4128, 3885
Point 909
7149, 5788
Point 910
5698, 347
Point 911
862, 6664
Point 912
6748, 30
Point 913
8545, 8861
Point 914
1171, 9114
Point 915
8055, 5995
Point 916
1988, 6259
Point 917
1125, 4368
Point 918
5640, 687
Point 919
4359, 2066
Point 920
6351, 3682
Point 921
2762, 3296
Point 922
7406, 4634
Point 923
6535, 8150
Point 924
4645, 4702
Point 925
2942, 8850
Point 926
3721, 3464
Point 927
8996, 9717
Point 928
6759, 6483
Point 929
7435, 9577
Point 930
5922, 4651
Point 931
7997, 2167
Point 932
1094, 9351
Point 933
8353, 2174
Point 934
6402, 1035
Point 935
4231, 2015
Point 936
5618, 2637
Point 937
6237, 7165
Point 938
9620, 3380
Point 939
1672, 5959
Point 940
28, 3032
Point 941
3248, 3086
Point 942
1906, 1395
Point 943
3020, 4740
Point 944
4990, 2961
Point 945
9080, 7363
Point 946
7262, 1986
Point 947
4604, 1198
Point 948
6940, 9043
Point 949
3687, 4541
Point 950
8898, 6047
Point 951
6084, 4457
Point 952
9414, 3157
Point 953
3428, 5019
Point 954
8730, 7564
Point 955
2815, 4638
Point 956
4392, 1160
Point 957
9732, 9969
Point 958
9566, 1338
Point 959
1217, 5017
Point 960
9629, 6801
Point 961
1888, 592
Point 962
7195, 8095
Point 963
2, 1050
Point 964
445, 863
Point 965
8055, 2384
Point 966
2130, 8289
Point 967
2623, 8165
Point 968
6961, 8069
Point 969
1097, 7563
Point 970
3201, 8381
Point 971
8773, 2751
Point 972
250, 6803
Point 973
8348, 1345
Point 974
7756, 5882
Point 975
5307, 3245
Point 976
3376, 9176
Point 977
6896, 198
Point 978
5667, 1952
Point 979
9427, 738
Point 980
5812, 1478
Point 981
8511, 2775
Point 982
6890, 2838
Point 983
9488, 1013
Point 984
2195, 7554
Point 985
789, 6662
Point 986
4795, 3952
Point 987
1268, 2424
Point 988
8910, 150
Point 989
3639, 6623
Point 990
9996, 2863
Point 991
66, 6543
Point 992
4471, 7753
Point 993
2699, 2492
Point 994
1902, 4
Point 995
1464, 970
Point 996
2181, 6983
Point 997
3790, 7387
Point 998
7724, 8378
Point 999
6120, 6241
Point 1000
6038, 3062
Point 1001
5008, 9408
Point 1002
1158, 6049
Point 1003
6436, 1228
Point 1004
3377, 3404
Point 1005
5549, 2477
Point 1006
5475, 7718
Point 1007
5446, 3961
Point 1008
214, 1866
Point 1009
2884, 4490
Point 1010
8241, 4158
Point 1011
795, 7277
Point 1012
7773, 3697
Point 1013
2371, 3442
Point 1014
7395, 811
Point 1015
9136, 1215
Point 1016
1175, 3725
Point 1017
5905, 4695
Point 1018
909, 9327
Point 1019
8815, 6565
Point 1020
3753, 2821
Point 1021
8726, 5040
Point 1022
4769, 8337
Point 1023
1193, 6494
Point 1024
2992, 178
Point 1025
5961, 1733
Point 1026
6480, 2248
Point 1027
3442, 5652
Point 1028
6546, 1451
Point 1029
3024, 7160
Point 1030
3845, 9356
Point 1031
8191, 8683
Point 1032
9329, 5278
Point 1033
6456, 2291
Point 1034
1230, 3050
Point 1035
7847, 2551
Point 1036
5139, 3252
Point 1037
4330, 4601
Point 1038
8053, 2419
Point 1039
3966, 9585
Point 1040
8808, 849
Point 1041
7793, 8609
Point 1042
6706, 1024
Point 1043
4511, 679
Point 1044
7343, 9377
Point 1045
7874, 9700
Point 1046
9658, 5153
Point 1047
4353, 538
Point 1048
1037, 1472
Point 1049
4146, 4409
Point 1050
7949, 5321
Point 1051
6862, 9400
Point 1052
8032, 5187
Point 1053
4340, 2807
Point 1054
5811, 7323
Point 1055
6957, 8141
Point 1056
8303, 4200
Point 1057
6528, 1175
Point 1058
8637, 1624
Point 1059
8435, 6176
Point 1060
5541, 4204
Point 1061
7956, 5617
Point 1062
4025, 2369
Point 1063
968, 4077
Point 1064
7925, 7991
Point 1065
7145, 9782
Point 1066
8133, 9807
Point 1067
4583, 5314
Point 1068
1229, 4290
Point 1069
8360, 2354
Point 1070
2054, 2423
Point 1071
2009, 4039
Point 1072
280, 7881
Point 1073
35, 2481
Point 1074
5458, 7555
Point 1075
1720, 8322
Point 1076
7206, 1046
Point 1077
1270, 3801
Point 1078
7202, 1798
Point 1079
7031, 759
Point 1080
7482, 8868
Point 1081
2999, 233
Point 1082
5170, 4974
Point 1083
9110, 861
Point 1084
7225, 3445
Point 1085
2926, 9189
Point 1086
29, 3960
Point 1087
4238, 6137
Point 1088
7734, 4536
Point 1089
5827, 391
Point 1090
161, 5170
Point 1091
8187, 1297
Point 1092
5738, 6691
Point 1093
3338, 929
Point 1094
7480, 6967
Point 1095
3057, 7469
Point 1096
338, 5399
Point 1097
9803, 9746
Point 1098
6365, 5809
Point 1099
4422, 5863
Point 1100
114, 7297
Point 1101
3311, 7205
Point 1102
431, 2397
Point 1103
9147, 2784
Point 1104
6374, 1970
Point 1105
3503, 7906
Point 1106
4382, 6648
Point 1107
6720, 5414
Point 1108
1025, 5397
Point 1109
263, 7410
Point 1110
641, 2740
Point 1111
9445, 274
Point 1112
38, 7563
Point 1113
9886, 6043
Point 1114
3019, 8052
Point 1115
9366, 8784
Point 1116
5990, 9287
Point 1117
7834, 5439
Point 1118
2122, 2274
Point 1119
2251, 6830
Point 1120
5649, 5813
Point 1121
9670, 5984
Point 1122
9738, 5474
Point 1123
1505, 7753
Point 1124
1091, 7180
Point 1125
4283, 5832
Point 1126
1925, 6418
Point 1127
7353, 682
Point 1128
5317, 7934
Point 1129
5995, 4652
Point 1130
3025, 4926
Point 1131
9156, 8607
Point 1132
5846, 1202
Point 1133
4668, 7768
Point 1134
5336, 4557
Point 1135
1192, 3133
Point 1136
2274, 4689
Point 1137
5382, 8864
Point 1138
1666, 4413
Point 1139
4778, 5301
Point 1140
6250, 8605
Point 1141
1827, 1911
Point 1142
491, 1346
Point 1143
2063, 4405
Point 1144
4875, 8100
Point 1145
9973, 5479
Point 1146
5948, 6359
Point 1147
9362, 9226
Point 1148
978, 5209
Point 1149
1140, 5108
Point 1150
7398, 1494
Point 1151
360, 8574
Point 1152
6255, 7877
Point 1153
6067, 1891
Point 1154
5761, 5992
Point 1155
2068, 579
Point 1156
5752, 6076
Point 1157
4077, 7938
Point 1158
6381, 3016
Point 1159
8852, 2619
Point 1160
4656, 7577
Point 1161
3941, 1885
Point 1162
621, 721
Point 1163
2405, 6327
Point 1164
878, 8400
Point 1165
5545, 112
Point 1166
932, 3971
Point 1167
8010, 4562
Point 1168
9414, 5485
Point 1169
3960, 1834
Point 1170
6611, 5478
Point 1171
9941, 9783
Point 1172
6937, 1631
Point 1173
17, 8726
Point 1174
9982, 7669
Point 1175
1360, 5720
Point 1176
7617, 5227
Point 1177
3981, 2253
Point 1178
5226, 9046
Point 1179
6558, 6774
Point 1180
3645, 9828
Point 1181
1449, 4364
Point 1182
4580, 1360
Point 1183
5885, 2046
Point 1184
6416, 1107
Point 1185
3038, 9707
Point 1186
9141, 6356
Point 1187
6244, 3417
Point 1188
6881, 1229
Point 1189
1995, 54
Point 1190
3992, 3399
Point 1191
2461, 9586
Point 1192
6011, 3172
Point 1193
6320, 4063
Point 1194
9887, 1764
Point 1195
7428, 493
Point 1196
8874, 55
Point 1197
4497, 8077
Point 1198
6209, 3879
Point 1199
1332, 9024
Point 1200
8292, 6997
Point 1201
6443, 6099
Point 1202
2444, 8306
Point 1203
2848, 9426
Point 1204
6552, 5542
Point 1205
3778, 9622
Point 1206
7876, 3757
Point 1207
7630, 4338
Point 1208
6154, 3210
Point 1209
6004, 464
Point 1210
1752, 7927
Point 1211
1962, 4858
Point 1212
3065, 3190
Point 1213
1717, 2295
Point 1214
8627, 7440
Point 1215
1922, 553
Point 1216
8466, 1728
Point 1217
6425, 8988
Point 1218
6125, 7686
Point 1219
896, 8832
Point 1220
7458, 3248
Point 1221
1110, 488
Point 1222
4837, 3856
Point 1223
813, 5597
Point 1224
5709, 5733
Point 1225
8090, 9346
Point 1226
2589, 6941
Point 1227
4934, 1574
Point 1228
7520, 1425
Point 1229
3329, 3584
Point 1230
7794, 1004
Point 1231
2569, 1259
Point 1232
1280, 364
Point 1233
6765, 4068
Point 1234
9132, 506
Point 1235
8543, 3871
Point 1236
793, 6820
Point 1237
4765, 7026
Point 1238
1273, 8972
Point 1239
2796, 8246
Point 1240
3455, 1143
Point 1241
1317, 4910
Point 1242
8866, 2790
Point 1243
7941, 6064
Point 1244
8743, 2085
Point 1245
7054, 1232
Point 1246
3536, 6438
Point 1247
5149, 346
Point 1248
3020, 7122
Point 1249
7709, 7568
Point 1250
1102, 7908
Point 1251
1202, 8624
Point 1252
9097, 816
Point 1253
6107, 3365
Point 1254
8741, 5647
Point 1255
2077, 2689
Point 1256
1564, 3764
Point 1257
4296, 1746
Point 1258
4344, 769
Point 1259
899, 9351
Point 1260
1342, 7163
Point 1261
4915, 6948
Point 1262
2761, 862
Point 1263
620, 9109
Point 1264
5439, 540
Point 1265
3402, 1578
Point 1266
6192, 4145
Point 1267
4288, 2154
Point 1268
395, 2674
Point 1269
5147, 4339
Point 1270
8424, 5295
Point 1271
8230, 3611
Point 1272
379, 8263
Point 1273
4188, 1399
Point 1274
5162, 6710
Point 1275
6032, 2446
Point 1276
3427, 5362
Point 1277
2546, 7054
Point 1278
5165, 1510
Point 1279
3641, 937
Point 1280
1787, 1142
Point 1281
1815, 1869
Point 1282
9420, 7060
Point 1283
8461, 4138
Point 1284
4857, 5999
Point 1285
1097, 8937
Point 1286
8088, 306
Point 1287
7776, 1236
Point 1288
5686, 8564
Point 1289
7886, 1446
Point 1290
7428, 8710
Point 1291
4372, 3230
Point 1292
4512, 6637
Point 1293
1001, 7190
Point 1294
1450, 3077
Point 1295
9690, 3831
Point 1296
5331, 1604
Point 1297
7183, 8215
Point 1298
5505, 1062
Point 1299
7372, 3008
Point 1300
3944, 6356
Point 1301
5428, 6246
Point 1302
1549, 2645
Point 1303
2555, 5091
Point 1304
8490, 9263
Point 1305
5695, 7065
Point 1306
7304, 1360
Point 1307
4752, 5840
Point 1308
5918, 9236
Point 1309
1059, 9503
Point 1310
4037, 7576
Point 1311
4684, 5406
Point 1312
384, 9423
Point 1313
4930, 7217
Point 1314
199, 2608
Point 1315
7908, 6578
Point 1316
2058, 9560
Point 1317
7426, 3900
Point 1318
634, 4961
Point 1319
592, 260
Point 1320
7294, 9545
Point 1321
7518, 5108
Point 1322
3593, 2477
Point 1323
5297, 2555
Point 1324
3666, 9240
Point 1325
29, 2351
Point 1326
274, 6691
Point 1327
7099, 406
Point 1328
5830, 2077
Point 1329
9106, 7623
Point 1330
4130, 8179
Point 1331
2931, 5186
Point 1332
694, 2469
Point 1333
2251, 9028
Point 1334
9645, 4187
Point 1335
9468, 6148
Point 1336
2869, 9600
Point 1337
1534, 676
Point 1338
2831, 2326
Point 1339
7418, 8176
Point 1340
3887, 2604
Point 1341
1059, 2497
Point 1342
8157, 6630
Point 1343
2586, 714
Point 1344
1148, 4696
Point 1345
2314, 8152
Point 1346
9138, 4759
Point 1347
6529, 7321
Point 1348
5089, 6272
Point 1349
1491, 1701
Point 1350
2320, 7645
Point 1351
2185, 7741
Point 1352
5532, 9541
Point 1353
5380, 6187
Point 1354
6873, 5355
Point 1355
2313, 6917
Point 1356
712, 9701
Point 1357
4940, 9805
Point 1358
4534, 5479
Point 1359
1095, 7856
Point 1360
4937, 227
Point 1361
8145, 7815
Point 1362
7113, 2814
Point 1363
1753, 7766
Point 1364
3373, 2283
Point 1365
6218, 878
Point 1366
1298, 1648
Point 1367
5543, 9362
Point 1368
4923, 814
Point 1369
9834, 2952
Point 1370
2979, 4419
Point 1371
9953, 1786
Point 1372
6684, 2358
Point 1373
4416, 4440
Point 1374
5825, 3056
Point 1375
6489, 8019
Point 1376
5945, 2100
Point 1377
6111, 8740
Point 1378
1334, 1771
Point 1379
869, 8226
Point 1380
8221, 229
Point 1381
2549, 2854
Point 1382
81, 2605
Point 1383
1000, 935
Point 1384
2277, 123
Point 1385
4996, 5243
Point 1386
6404, 7509
Point 1387
579, 6472
Point 1388
5647, 3401
Point 1389
990, 6566
Point 1390
1231, 3262
Point 1391
8667, 9553
Point 1392
6591, 9391
Point 1393
9070, 1489
Point 1394
304, 7995
Point 1395
8094, 467
Point 1396
1001, 9045
Point 1397
9697, 2208
Point 1398
7498, 624
Point 1399
8050, 6742
Point 1400
5203, 5836
Point 1401
8969, 6870
Point 1402
5484, 6984
Point 1403
8699, 9725
Point 1404
8153, 8694
Point 1405
4227, 8540
Point 1406
8446, 8939
Point 1407
8181, 2986
Point 1408
8989, 4494
Point 1409
3165, 2887
Point 1410
4090, 5268
Point 1411
4847, 1949
Point 1412
8424, 160
Point 1413
533, 5251
Point 1414
4665, 5617
Point 1415
85, 6682
Point 1416
4955, 6910
Point 1417
9041, 252
Point 1418
9229, 1295
Point 1419
9578, 2248
Point 1420
9363, 1681
Point 1421
3564, 9610
Point 1422
1876, 9217
Point 1423
3357, 3532
Point 1424
3479, 3280
Point 1425
251, 6338
Point 1426
3162, 7769
Point 1427
7489, 3961
Point 1428
1698, 3293
Point 1429
4638, 5969
Point 1430
4451, 5901
Point 1431
2767, 37
Point 1432
6212, 4302
Point 1433
5369, 7986
Point 1434
7403, 9218
Point 1435
8235, 6077
Point 1436
9443, 428
Point 1437
2617, 3115
Point 1438
3344, 9375
Point 1439
9912, 6100
Point 1440
9648, 7769
Point 1441
2829, 4652
Point 1442
9730, 5550
Point 1443
7570, 2257
Point 1444
8175, 4741
Point 1445
3863, 4476
Point 1446
3439, 9301
Point 1447
4899, 1722
Point 1448
9351, 4884
Point 1449
7155, 6922
Point 1450
3118, 6577
Point 1451
933, 6464
Point 1452
6468, 7161
Point 1453
5987, 6178
Point 1454
5308, 3189
Point 1455
3074, 2805
Point 1456
9855, 1294
Point 1457
1476, 5364
Point 1458
1579, 2518
Point 1459
4568, 186
Point 1460
5501, 8170
Point 1461
384, 7956
Point 1462
6389, 6758
Point 1463
1789, 1053
Point 1464
5221, 7863
Point 1465
1334, 4737
Point 1466
7919, 5478
Point 1467
9180, 6268
Point 1468
1820, 308
Point 1469
8563, 1909
Point 1470
6573, 7787
Point 1471
2202, 2977
Point 1472
5260, 6164
Point 1473
4779, 8557
Point 1474
8410, 6908
Point 1475
1140, 4335
Point 1476
8271, 7907
Point 1477
7258, 4115
Point 1478
3204, 8429
Point 1479
1125, 3002
Point 1480
2421, 3696
Point 1481
3753, 9003
Point 1482
9374, 6034
Point 1483
6218, 2834
Point 1484
8091, 9044
Point 1485
7335, 4095
Point 1486
502, 1006
Point 1487
7904, 5672
Point 1488
4345, 3835
Point 1489
1763, 7187
Point 1490
679, 4269
Point 1491
862, 2657
Point 1492
7173, 4731
Point 1493
1482, 7125
Point 1494
8388, 2289
Point 1495
1342, 1961
Point 1496
7077, 5503
Point 1497
2849, 8763
Point 1498
1159, 596
Point 1499
6017, 7381
Point 1500
9481, 325
Point 1501
5696, 4404
Point 1502
5731, 1239
Point 1503
1657, 4681
Point 1504
3945, 7572
Point 1505
6827, 9901
Point 1506
932, 2935
Point 1507
8474, 5106
Point 1508
644, 4165
Point 1509
9548, 6073
Point 1510
3010, 5239
Point 1511
2488, 7996
Point 1512
5110, 2987
Point 1513
5837, 8601
Point 1514
5649, 479
Point 1515
4772, 6887
Point 1516
4700, 8436
Point 1517
250, 2079
Point 1518
9382, 9792
Point 1519
7926, 6037
Point 1520
2767, 7619
Point 1521
7171, 6364
Point 1522
7644, 2010
Point 1523
2624, 6777
Point 1524
9016, 7263
Point 1525
5500, 5905
Point 1526
9172, 6706
Point 1527
9597, 5612
Point 1528
7020, 8847
Point 1529
7389, 5214
Point 1530
9004, 5192
Point 1531
4895, 8470
Point 1532
2366, 7026
Point 1533
121, 6134
Point 1534
2774, 5741
Point 1535
8780, 8030
Point 1536
7419, 8860
Point 1537
2732, 5075
Point 1538
1556, 1840
Point 1539
1111, 3537
Point 1540
1171, 3906
Point 1541
1490, 879
Point 1542
6965, 4748
Point 1543
8558, 5011
Point 1544
5157, 7695
Point 1545
814, 6488
Point 1546
8757, 4165
Point 1547
1510, 6276
Point 1548
8909, 3654
Point 1549
8753, 55
Point 1550
9636, 3277
Point 1551
1018, 3713
Point 1552
936, 990
Point 1553
8612, 3695
Point 1554
4514, 6997
Point 1555
8633, 157
Point 1556
3686, 8590
Point 1557
834, 508
Point 1558
3936, 4659
Point 1559
4482, 5850
Point 1560
3495, 7473
Point 1561
1741, 3064
Point 1562
3903, 981
Point 1563
1448, 865
Point 1564
8969, 6827
Point 1565
8226, 8994
Point 1566
6824, 1569
Point 1567
5782, 5914
Point 1568
3802, 1176
Point 1569
14, 1867
Point 1570
809, 1756
Point 1571
7026, 953
Point 1572
2488, 8719
Point 1573
3574, 8008
Point 1574
7048, 68
Point 1575
2572, 3503
Point 1576
9911, 3369
Point 1577
4301, 2416
Point 1578
7484, 102
Point 1579
4739, 1091
Point 1580
8297, 5541
Point 1581
6053, 9467
Point 1582
7526, 7111
Point 1583
679, 4743
Point 1584
7481, 9228
Point 1585
9667, 6539
Point 1586
1010, 8072
Point 1587
8012, 2918
Point 1588
7002, 5393
Point 1589
4526, 1245
Point 1590
7147, 6545
Point 1591
1493, 7820
Point 1592
960, 4229
Point 1593
9808, 5421
Point 1594
1682, 6096
Point 1595
8606, 8493
Point 1596
9153, 1325
Point 1597
4495, 1554
Point 1598
6984, 8576
Point 1599
4399, 7605
Point 1600
436, 5263
Point 1601
7765, 9785
Point 1602
8305, 6060
Point 1603
8442, 1354
Point 1604
6801, 6702
Point 1605
3844, 6184
Point 1606
5923, 7709
Point 1607
9240, 4388
Point 1608
9147, 1481
Point 1609
7941, 5432
Point 1610
5402, 5368
Point 1611
3963, 4172
Point 1612
8213, 2778
Point 1613
2363, 3591
Point 1614
701, 4174
Point 1615
3833, 1707
Point 1616
6659, 9868
Point 1617
4394, 9127
Point 1618
7339, 6972
Point 1619
8039, 8011
Point 1620
760, 3515
Point 1621
71, 2835
Point 1622
5368, 3822
Point 1623
1508, 8287
Point 1624
2705, 542
Point 1625
427, 9846
Point 1626
4362, 388
Point 1627
4405, 8185
Point 1628
6962, 2613
Point 1629
9323, 9373
Point 1630
5154, 1500
Point 1631
3698, 9070
Point 1632
6693, 6772
Point 1633
4465, 361
Point 1634
5551, 8678
Point 1635
9644, 1721
Point 1636
8701, 7774
Point 1637
5702, 3701
Point 1638
9750, 2902
Point 1639
2561, 355
Point 1640
7871, 4740
Point 1641
7219, 4185
Point 1642
3681, 6420
Point 1643
7705, 1421
Point 1644
4597, 7195
Point 1645
2709, 7847
Point 1646
1010, 9893
Point 1647
8647, 4037
Point 1648
1162, 8007
Point 1649
5144, 2872
Point 1650
7011, 3643
Point 1651
1960, 1528
Point 1652
5548, 3280
Point 1653
5234, 4722
Point 1654
62, 4319
Point 1655
8599, 5945
Point 1656
3659, 1728
Point 1657
5180, 8659
Point 1658
2967, 749
Point 1659
9804, 9992
Point 1660
3430, 8586
Point 1661
6823, 5312
Point 1662
8836, 5283
Point 1663
7895, 3284
Point 1664
6790, 1576
Point 1665
5787, 7466
Point 1666
8760, 9404
Point 1667
4792, 2332
Point 1668
7973, 8989
Point 1669
5727, 8729
Point 1670
999, 4904
Point 1671
3631, 6181
Point 1672
9138, 2402
Point 1673
9266, 7244
Point 1674
3903, 4411
Point 1675
1312, 2114
Point 1676
6785, 9083
Point 1677
4746, 112
Point 1678
7314, 7551
Point 1679
2338, 8328
Point 1680
4934, 1619
Point 1681
371, 6682
Point 1682
9648, 1552
Point 1683
6799, 3014
Point 1684
3553, 4801
Point 1685
9859, 1383
Point 1686
408, 7551
Point 1687
7843, 1727
Point 1688
3206, 2313
Point 1689
6206, 9253
Point 1690
338, 6419
Point 1691
6494, 7494
Point 1692
9400, 8261
Point 1693
2644, 9841
Point 1694
3953, 378
Point 1695
4167, 540
Point 1696
2602, 1079
Point 1697
2420, 7624
Point 1698
1669, 9207
Point 1699
5730, 7076
Point 1700
2412, 9849
Point 1701
1484, 9629
Point 1702
1261, 2317
Point 1703
8463, 9038
Point 1704
6864, 5586
Point 1705
682, 3408
Point 1706
872, 496
Point 1707
4771, 9214
Point 1708
326, 2512
Point 1709
6571, 1032
Point 1710
8300, 3601
Point 1711
8992, 8652
Point 1712
5982, 6867
Point 1713
2446, 7275
Point 1714
3801, 2999
Point 1715
1174, 5776
Point 1716
1379, 3294
Point 1717
3686, 2641
Point 1718
6112, 31
Point 1719
3138, 9124
Point 1720
7995, 1336
Point 1721
4013, 4410
Point 1722
3945, 4299
Point 1723
4710, 8116
Point 1724
8329, 7087
Point 1725
1780, 1359
Point 1726
7657, 8065
Point 1727
461, 8766
Point 1728
6470, 7530
Point 1729
7872, 324
Point 1730
8344, 5547
Point 1731
9802, 3761
Point 1732
633, 7613
Point 1733
9337, 5267
Point 1734
4063, 8393
Point 1735
5794, 8810
Point 1736
8636, 2583
Point 1737
5337, 2016
Point 1738
5427, 1150
Point 1739
520, 9686
Point 1740
9791, 636
Point 1741
4529, 4334
Point 1742
5292, 2978
Point 1743
7374, 6868
Point 1744
9189, 3416
Point 1745
5470, 9488
Point 1746
9758, 4432
Point 1747
3108, 7202
Point 1748
2857, 4392
Point 1749
4157, 3981
Point 1750
223, 582
Point 1751
5012, 4492
Point 1752
4755, 7668
Point 1753
5292, 2608
Point 1754
8702, 4265
Point 1755
1047, 3439
Point 1756
9108, 2253
Point 1757
6385, 6501
Point 1758
1148, 5763
Point 1759
3308, 3833
Point 1760
4021, 9338
Point 1761
6288, 8331
Point 1762
5999, 7684
Point 1763
7661, 4430
Point 1764
4885, 2615
Point 1765
2263, 5325
Point 1766
7676, 6353
Point 1767
4896, 8403
Point 1768
8527, 4170
Point 1769
2195, 3266
Point 1770
7258, 3479
Point 1771
1264, 4804
Point 1772
1591, 1011
Point 1773
1034, 7139
Point 1774
5062, 4411
Point 1775
8735, 2938
Point 1776
9126, 9745
Point 1777
3085, 6592
Point 1778
2359, 1755
Point 1779
7841, 9069
Point 1780
1856, 9455
Point 1781
4235, 6860
Point 1782
1940, 5649
Point 1783
8439, 7366
Point 1784
3106, 5321
Point 1785
729, 8338
Point 1786
9775, 4479
Point 1787
6270, 9510
Point 1788
8868, 8008
Point 1789
3585, 454
Point 1790
2476, 2339
Point 1791
5639, 9871
Point 1792
6974, 6381
Point 1793
260, 8001
Point 1794
7803, 1998
Point 1795
1087, 5673
Point 1796
3862, 3569
Point 1797
7663, 612
Point 1798
7932, 4696
Point 1799
3395, 4060
Point 1800
9906, 8922
Point 1801
3118, 8519
Point 1802
7713, 531
Point 1803
7782, 468
Point 1804
6782, 904
Point 1805
2376, 277
Point 1806
2647, 5737
Point 1807
4636, 5238
Point 1808
2864, 8459
Point 1809
6286, 605
Point 1810
3807, 5645
Point 1811
5641, 7858
Point 1812
5099, 885
Point 1813
212, 9019
Point 1814
9429, 4613
Point 1815
647, 774
Point 1816
8371, 8762
Point 1817
2815, 2416
Point 1818
5399, 6705
Point 1819
3127, 7159
Point 1820
5796, 967
Point 1821
3286, 7265
Point 1822
9364, 3426
Point 1823
4593, 9578
Point 1824
5954, 5320
Point 1825
8640, 9589
Point 1826
5697, 7291
Point 1827
793, 8939
Point 1828
5518, 2891
Point 1829
5174, 3379
Point 1830
1034, 2512
Point 1831
5077, 5671
Point 1832
8253, 8527
Point 1833
681, 621
Point 1834
2615, 6608
Point 1835
6742, 7516
Point 1836
3886, 2609
Point 1837
6536, 8594
Point 1838
4157, 9211
Point 1839
4748, 868
Point 1840
2787, 1603
Point 1841
1237, 2600
Point 1842
6484, 6863
Point 1843
9623, 5063
Point 1844
4973, 7435
Point 1845
9525, 4797
Point 1846
2635, 5103
Point 1847
8934, 1547
Point 1848
4389, 8226
Point 1849
3665, 2290
Point 1850
9687, 1614
Point 1851
4162, 2310
Point 1852
1947, 5429
Point 1853
5995, 160
Point 1854
2014, 6732
Point 1855
9329, 4536
Point 1856
3309, 4910
Point 1857
4356, 7568
Point 1858
3205, 107
Point 1859
4244, 847
Point 1860
9876, 2004
Point 1861
4484, 7631
Point 1862
6370, 4796
Point 1863
7705, 7088
Point 1864
3972, 3095
Point 1865
5988, 4208
Point 1866
5072, 2584
Point 1867
8517, 2035
Point 1868
1694, 8755
Point 1869
995, 1271
Point 1870
9591, 6821
Point 1871
4673, 5968
Point 1872
9405, 5972
Point 1873
7079, 3025
Point 1874
5758, 1563
Point 1875
3551, 7508
Point 1876
2342, 9525
Point 1877
8566, 5441
Point 1878
6090, 8307
Point 1879
8480, 633
Point 1880
6329, 5026
Point 1881
2823, 2363
Point 1882
5446, 4105
Point 1883
9526, 6291
Point 1884
6058, 8684
Point 1885
626, 1850
Point 1886
5924, 7353
Point 1887
8844, 5521
Point 1888
5915, 1316
Point 1889
2217, 934
Point 1890
8243, 44
Point 1891
3462, 3502
Point 1892
1844, 6651
Point 1893
3142, 9438
Point 1894
9323, 7759
Point 1895
828, 6434
Point 1896
5199, 6472
Point 1897
6478, 6020
Point 1898
8291, 1210
Point 1899
4991, 5672
Point 1900
2088, 7624
Point 1901
552, 2129
Point 1902
5645, 5601
Point 1903
3755, 6030
Point 1904
4167, 8428
Point 1905
3745, 2007
Point 1906
2799, 6612
Point 1907
9662, 7656
Point 1908
9359, 4553
Point 1909
493, 9424
Point 1910
1734, 4287
Point 1911
159, 3411
Point 1912
3502, 6870
Point 1913
5077, 4293
Point 1914
6986, 8612
Point 1915
4791, 6149
Point 1916
6355, 6331
Point 1917
2313, 4848
Point 1918
4694, 3087
Point 1919
9781, 2818
Point 1920
7995, 3422
Point 1921
6733, 3528
Point 1922
5939, 5062
Point 1923
2847, 4804
Point 1924
4025, 2212
Point 1925
4371, 7249
Point 1926
4088, 4140
Point 1927
3597, 6419
Point 1928
619, 1553
Point 1929
3743, 5217
Point 1930
8389, 2430
Point 1931
7376, 5953
Point 1932
2848, 8457
Point 1933
5132, 9949
Point 1934
8531, 2939
Point 1935
2888, 6208
Point 1936
2271, 1206
Point 1937
9774, 9673
Point 1938
7392, 4895
Point 1939
6469, 3923
Point 1940
2282, 2208
Point 1941
3049, 2750
Point 1942
1717, 7288
Point 1943
8350, 0
Point 1944
2169, 3168
Point 1945
8276, 7317
Point 1946
2933, 4419
Point 1947
8762, 4962
Point 1948
3374, 7586
Point 1949
225, 1779
Point 1950
2847, 9743
Point 1951
4242, 6530
Point 1952
3926, 8146
Point 1953
9923, 4337
Point 1954
1438, 6800
Point 1955
6981, 8763
Point 1956
9531, 9014
Point 1957
4882, 2204
Point 1958
6478, 8522
Point 1959
2575, 4651
Point 1960
2278, 5592
Point 1961
1339, 3687
Point 1962
7206, 8697
Point 1963
4024, 6587
Point 1964
462, 6774
Point 1965
7602, 8781
Point 1966
6782, 1895
Point 1967
2335, 1634
Point 1968
5479, 7234
Point 1969
120, 6453
Point 1970
748, 632
Point 1971
6580, 989
Point 1972
4280, 9783
Point 1973
6365, 9272
Point 1974
1221, 1056
Point 1975
8752, 5575
Point 1976
8361, 348
Point 1977
1136, 8556
Point 1978
9045, 972
Point 1979
1290, 2152
Point 1980
2763, 596
Point 1981
5378, 5696
Point 1982
8634, 6458
Point 1983
7601, 6895
Point 1984
1058, 5751
Point 1985
9129, 7816
Point 1986
2719, 5887
Point 1987
8449, 5810
Point 1988
4795, 7642
Point 1989
2685, 8447
Point 1990
6744, 2638
Point 1991
9550, 3947
Point 1992
8393, 5519
Point 1993
2596, 6363
Point 1994
5119, 277
Point 1995
8237, 7785
Point 1996
2948, 9679
Point 1997
1578, 8255
Point 1998
4072, 6511
Point 1999
9536, 7727
Point 2000
4929, 5437
Point 2001
3965, 3403
Point 2002
8316, 4687
Point 2003
4505, 116
Point 2004
8251, 7483
Point 2005
782, 1002
Point 2006
1266, 4144
Point 2007
6196, 674
Point 2008
686, 7168
Point 2009
1055, 3330
Point 2010
1021, 3191
Point 2011
1084, 3796
Point 2012
8107, 7752
Point 2013
8445, 385
Point 2014
6851, 1006
Point 2015
6318, 4592
Point 2016
2520, 5155
Point 2017
4828, 4196
Point 2018
3406, 7253
Point 2019
5643, 3110
Point 2020
2382, 4253
Point 2021
4903, 3437
Point 2022
2382, 691
Point 2023
9347, 2651
Point 2024
6166, 3249
Point 2025
8434, 1531
Point 2026
3852, 571
Point 2027
6084, 6569
Point 2028
2655, 1179
Point 2029
9244, 3897
Point 2030
2022, 7121
Point 2031
6922, 508
Point 2032
3946, 6058
Point 2033
2535, 2508
Point 2034
2598, 9887
Point 2035
4475, 9450
Point 2036
9632, 3745
Point 2037
4658, 8426
Point 2038
1527, 5230
Point 2039
2456, 1520
Point 2040
3144, 29
Point 2041
1926, 5470
Point 2042
7314, 6781
Point 2043
3522, 2940
Point 2044
3728, 1003
Point 2045
7572, 687
Point 2046
1649, 5113
Point 2047
5747, 1061
Point 2048
36, 9252
Point 2049
8447, 9799
Point 2050
5580, 5445
Point 2051
581, 4875
Point 2052
3805, 5889
Point 2053
5580, 8264
Point 2054
945, 4661
Point 2055
7643, 4937
Point 2056
4597, 996
Point 2057
5174, 1146
Point 2058
9291, 1420
Point 2059
4207, 7087
Point 2060
9084, 7490
Point 2061
9161, 7437
Point 2062
3017, 5670
Point 2063
9727, 6912
Point 2064
857, 5965
Point 2065
6908, 7002
Point 2066
5958, 6325
Point 2067
8248, 4346
Point 2068
9214, 545
Point 2069
2180, 813
Point 2070
3144, 8426
Point 2071
4063, 324
Point 2072
7938, 8284
Point 2073
1952, 7631
Point 2074
1944, 3550
Point 2075
8467, 9910
Point 2076
7506, 7165
Point 2077
6188, 2804
Point 2078
9348, 9767
Point 2079
7956, 8810
Point 2080
6739, 213
Point 2081
171, 7346
Point 2082
2593, 9936
Point 2083
6717, 2676
Point 2084
2335, 5789
Point 2085
3502, 7955
Point 2086
2862, 9620
Point 2087
8776, 1132
Point 2088
7296, 6584
Point 2089
2350, 1141
Point 2090
4293, 8423
Point 2091
7641, 922
Point 2092
1699, 2357
Point 2093
4079, 7127
Point 2094
3015, 1018
Point 2095
3802, 5099
Point 2096
1801, 3965
Point 2097
5831, 1676
Point 2098
3438, 6681
Point 2099
2925, 7669
Point 2100
5951, 8712
Point 2101
1180, 6531
Point 2102
1533, 8591
Point 2103
116, 5601
Point 2104
8287, 9558
Point 2105
1452, 1606
Point 2106
7311, 6713
Point 2107
8077, 2627
Point 2108
3690, 3236
Point 2109
818, 4614
Point 2110
1251, 532
Point 2111
9531, 1731
Point 2112
9977, 4809
Point 2113
6759, 6275
Point 2114
1879, 437
Point 2115
6753, 5753
Point 2116
5811, 8702
Point 2117
9999, 1794
Point 2118
4243, 9045
Point 2119
3560, 8020
Point 2120
5295, 8760
Point 2121
521, 1745
Point 2122
1504, 6244
Point 2123
7621, 7409
Point 2124
2733, 2359
Point 2125
8752, 8048
Point 2126
4364, 4262
Point 2127
3424, 4770
Point 2128
3542, 6117
Point 2129
3529, 3190
Point 2130
5568, 1531
Point 2131
8764, 115
Point 2132
9774, 3242
Point 2133
946, 3355
Point 2134
9202, 6646
Point 2135
98, 2485
Point 2136
1240, 5050
Point 2137
679, 8636
Point 2138
7007, 6214
Point 2139
4617, 6916
Point 2140
5706, 1707
Point 2141
8897, 5981
Point 2142
6451, 2862
Point 2143
9396, 5409
Point 2144
4135, 9715
Point 2145
9354, 3050
Point 2146
7767, 2216
Point 2147
453, 1335
Point 2148
9461, 6197
Point 2149
6768, 3629
Point 2150
9697, 126
Point 2151
7098, 9161
Point 2152
9862, 2509
Point 2153
9088, 7789
Point 2154
6166, 3929
Point 2155
9397, 3943
Point 2156
11, 2228
Point 2157
7748, 2429
Point 2158
8610, 4039
Point 2159
9114, 7475
Point 2160
6284, 1044
Point 2161
7517, 390
Point 2162
1180, 4657
Point 2163
6987, 520
Point 2164
4405, 8607
Point 2165
32, 8785
Point 2166
8562, 4884
Point 2167
1682, 3039
Point 2168
487, 4855
Point 2169
7631, 9721
Point 2170
8629, 4030
Point 2171
8274, 6821
Point 2172
8975, 5876
Point 2173
6581, 9073
Point 2174
4651, 7409
Point 2175
6619, 7439
Point 2176
3437, 6829
Point 2177
1300, 1474
Point 2178
4294, 1402
Point 2179
2453, 4943
Point 2180
8703, 1978
Point 2181
3677, 2189
Point 2182
5139, 9087
Point 2183
6591, 5199
Point 2184
5311, 4362
Point 2185
4098, 9023
Point 2186
8933, 219
Point 2187
43, 6296
Point 2188
9753, 156
Point 2189
3263, 9952
Point 2190
9312, 1846
Point 2191
5443, 6928
Point 2192
6481, 5245
Point 2193
6417, 4617
Point 2194
218, 8365
Point 2195
7599, 6172
Point 2196
166, 4072
Point 2197
4075, 355
Point 2198
4740, 2281
Point 2199
8552, 6566
Point 2200
9170, 3273
Point 2201
5862, 5937
Point 2202
6590, 9489
Point 2203
4968, 4917
Point 2204
3723, 5160
Point 2205
6558, 8667
Point 2206
8969, 5341
Point 2207
8229, 7733
Point 2208
4770, 8581
Point 2209
5947, 3004
Point 2210
8018, 303
Point 2211
78, 709
Point 2212
1968, 7198
Point 2213
6582, 1390
Point 2214
610, 6489
Point 2215
9153, 4175
Point 2216
1818, 7714
Point 2217
6066, 427
Point 2218
8680, 8856
Point 2219
6277, 8924
Point 2220
9393, 3111
Point 2221
2933, 8070
Point 2222
4852, 7349
Point 2223
8850, 9320
Point 2224
9649, 8409
Point 2225
7765, 18
Point 2226
6556, 8793
Point 2227
7195, 3123
Point 2228
6796, 9003
Point 2229
3603, 5945
Point 2230
8390, 9815
Point 2231
8208, 9926
Point 2232
2700, 4117
Point 2233
2298, 8748
Point 2234
4933, 4581
Point 2235
4162, 2624
Point 2236
7794, 406
Point 2237
5865, 2467
Point 2238
8756, 3649
Point 2239
7028, 8838
Point 2240
484, 3247
Point 2241
4472, 7058
Point 2242
829, 2716
Point 2243
1149, 1686
Point 2244
3505, 5766
Point 2245
5140, 656
Point 2246
3081, 2549
Point 2247
9625, 1844
Point 2248
8229, 8131
Point 2249
7780, 2523
Point 2250
5321, 3904
Point 2251
2265, 5286
Point 2252
388, 2151
Point 2253
7647, 2316
Point 2254
1253, 3695
Point 2255
5453, 3630
Point 2256
3181, 8726
Point 2257
5828, 3863
Point 2258
804, 1227
Point 2259
6777, 6505
Point 2260
6260, 8184
Point 2261
1852, 4098
Point 2262
8505, 5771
Point 2263
9781, 7842
Point 2264
1564, 6036
Point 2265
5044, 313
Point 2266
143, 9270
Point 2267
6680, 516
Point 2268
9462, 9206
Point 2269
3696, 1418
Point 2270
2407, 466
Point 2271
9402, 6244
Point 2272
1215, 258
Point 2273
3684, 1335
Point 2274
2760, 9241
Point 2275
1800, 161
Point 2276
6197, 9666
Point 2277
616, 5225
Point 2278
9272, 2451
Point 2279
8384, 1980
Point 2280
4878, 8665
Point 2281
2118, 1689
Point 2282
2616, 5056
Point 2283
7440, 8150
Point 2284
1032, 7729
Point 2285
9358, 6619
Point 2286
4984, 2826
Point 2287
8859, 1939
Point 2288
9157, 8200
Point 2289
9414, 6856
Point 2290
3123, 5408
Point 2291
9563, 840
Point 2292
5564, 7124
Point 2293
2576, 4325
Point 2294
5235, 1057
Point 2295
1848, 3221
Point 2296
4141, 7815
Point 2297
1203, 3805
Point 2298
3960, 6805
Point 2299
2515, 8634
Point 2300
243, 1209
Point 2301
9217, 9
Point 2302
171, 373
Point 2303
3133, 8700
Point 2304
8693, 5520
Point 2305
3843, 2120
Point 2306
4805, 2593
Point 2307
4286, 7969
Point 2308
4375, 4264
Point 2309
3704, 6462
Point 2310
8462, 1655
Point 2311
9158, 6695
Point 2312
6393, 5167
Point 2313
9859, 471
Point 2314
987, 2948
Point 2315
4308, 9911
Point 2316
9268, 5014
Point 2317
8898, 3615
Point 2318
5780, 792
Point 2319
7979, 9741
Point 2320
7158, 7963
Point 2321
9684, 3445
Point 2322
6041, 852
Point 2323
8801, 352
Point 2324
9563, 7375
Point 2325
7857, 7425
Point 2326
2692, 4516
Point 2327
242, 7458
Point 2328
9516, 3698
Point 2329
4683, 3721
Point 2330
6189, 9037
Point 2331
8645, 6804
Point 2332
7710, 3430
Point 2333
9377, 6599
Point 2334
6968, 9714
Point 2335
5214, 8523
Point 2336
8553, 6717
Point 2337
6467, 4602
Point 2338
1727, 2914
Point 2339
4801, 6802
Point 2340
6626, 3624
Point 2341
2331, 2175
Point 2342
5301, 1216
Point 2343
6838, 6749
Point 2344
4515, 1600
Point 2345
7495, 7892
Point 2346
328, 4471
Point 2347
6269, 2901
Point 2348
5501, 9200
Point 2349
3787, 4957
Point 2350
9447, 3062
Point 2351
4840, 6257
Point 2352
7078, 3583
Point 2353
7969, 2135
Point 2354
7259, 2156
Point 2355
5582, 9279
Point 2356
3780, 1843
Point 2357
5922, 5793
Point 2358
1766, 8241
Point 2359
5864, 754
Point 2360
287, 8695
Point 2361
4013, 6192
Point 2362
7518, 1727
Point 2363
6840, 4942
Point 2364
8302, 5567
Point 2365
6723, 3716
Point 2366
5197, 1911
Point 2367
9659, 1916
Point 2368
3151, 8633
Point 2369
2148, 3184
Point 2370
4871, 3086
Point 2371
1287, 8524
Point 2372
8608, 5821
Point 2373
9477, 6926
Point 2374
2625, 3091
Point 2375
5289, 1863
Point 2376
905, 5350
Point 2377
5043, 9772
Point 2378
2819, 8086
Point 2379
5422, 9700
Point 2380
5407, 817
Point 2381
6050, 1630
Point 2382
680, 9837
Point 2383
2397, 4745
Point 2384
1938, 383
Point 2385
3574, 5805
Point 2386
2470, 4315
Point 2387
6652, 2190
Point 2388
7213, 96
Point 2389
8955, 3734
Point 2390
2941, 2883
Point 2391
2498, 2428
Point 2392
5383, 3895
Point 2393
154, 9301
Point 2394
2323, 9861
Point 2395
1481, 3370
Point 2396
140, 5314
Point 2397
7209, 8380
Point 2398
7552, 2772
Point 2399
5317, 9272
Point 2400
4374, 8455
Point 2401
8363, 1796
Point 2402
4977, 4043
Point 2403
1246, 5483
Point 2404
5865, 8248
Point 2405
981, 2341
Point 2406
4265, 5454
Point 2407
5165, 1028
Point 2408
9961, 2537
Point 2409
3862, 9034
Point 2410
5740, 9130
Point 2411
380, 3451
Point 2412
2754, 1046
Point 2413
25, 4266
Point 2414
5876, 1361
Point 2415
2346, 2816
Point 2416
695, 8747
Point 2417
1601, 2015
Point 2418
8165, 8031
Point 2419
2223, 4291
Point 2420
5152, 3685
Point 2421
906, 7776
Point 2422
9099, 2966
Point 2423
4619, 1225
Point 2424
2873, 1779
Point 2425
4311, 3389
Point 2426
1488, 2961
Point 2427
7369, 3131
Point 2428
5836, 3666
Point 2429
8012, 2411
Point 2430
9834, 5809
Point 2431
3685, 5496
Point 2432
6454, 1095
Point 2433
7286, 4207
Point 2434
4993, 85
Point 2435
9555, 824
Point 2436
6633, 2936
Point 2437
3358, 7427
Point 2438
7860, 8007
Point 2439
1718, 2824
Point 2440
1628, 3332
Point 2441
4457, 6017
Point 2442
4280, 5139
Point 2443
4084, 8172
Point 2444
2204, 7031
Point 2445
179, 3451
Point 2446
5941, 3238
Point 2447
2937, 2744
Point 2448
1057, 9439
Point 2449
752, 3322
Point 2450
4451, 5029
Point 2451
3788, 1743
Point 2452
1986, 1446
Point 2453
5306, 6981
Point 2454
8341, 2199
Point 2455
5213, 5634
Point 2456
2781, 1535
Point 2457
5747, 1374
Point 2458
5212, 399
Point 2459
7537, 6296
Point 2460
5308, 242
Point 2461
5341, 2739
Point 2462
3759, 7543
Point 2463
6719, 311
Point 2464
8780, 4494
Point 2465
3604, 4339
Point 2466
2889, 4188
Point 2467
6277, 8801
Point 2468
4660, 1862
Point 2469
1610, 8879
Point 2470
7674, 7295
Point 2471
2617, 5728
Point 2472
4210, 7266
Point 2473
4301, 8793
Point 2474
4352, 1150
Point 2475
1613, 9068
Point 2476
2133, 7189
Point 2477
8919, 40
Point 2478
9107, 1740
Point 2479
6785, 1779
Point 2480
2297, 8910
Point 2481
1148, 7589
Point 2482
7862, 3364
Point 2483
1934, 1972
Point 2484
4022, 4824
Point 2485
3081, 3258
Point 2486
6795, 8789
Point 2487
3580, 4200
Point 2488
9894, 4365
Point 2489
9595, 9058
Point 2490
5825, 6708
Point 2491
1064, 6281
Point 2492
8594, 8589
Point 2493
2252, 1724
Point 2494
9777, 2824
Point 2495
4646, 8571
Point 2496
8708, 4941
Point 2497
2325, 6577
Point 2498
4464, 3318
Point 2499
4472, 5089
Point 2500
2013, 2260
Point 2501
7038, 1399
Point 2502
7403, 2015
Point 2503
5752, 8427
Point 2504
7185, 8543
Point 2505
5641, 3475
Point 2506
5404, 5020
Point 2507
8000, 2843
Point 2508
7441, 6527
Point 2509
4403, 5471
Point 2510
3744, 9120
Point 2511
8684, 2460
Point 2512
8062, 4612
Point 2513
2138, 8303
Point 2514
4169, 2742
Point 2515
4149, 3979
Point 2516
2292, 3175
Point 2517
361, 1676
Point 2518
1428, 754
Point 2519
3156, 5830
Point 2520
6583, 8803
Point 2521
4669, 5444
Point 2522
597, 6897
Point 2523
888, 8158
Point 2524
8658, 1499
Point 2525
6461, 7461
Point 2526
9882, 139
Point 2527
3778, 578
Point 2528
4380, 2382
Point 2529
6591, 6085
Point 2530
6165, 3745
Point 2531
8012, 7097
Point 2532
1893, 1940
Point 2533
5054, 8002
Point 2534
2990, 8333
Point 2535
7053, 132
Point 2536
4015, 1353
Point 2537
3311, 4532
Point 2538
3233, 2736
Point 2539
6040, 8014
Point 2540
2364, 1950
Point 2541
8355, 2076
Point 2542
1172, 8928
Point 2543
3418, 2927
Point 2544
9186, 313
Point 2545
113, 4881
Point 2546
1196, 9824
Point 2547
2642, 8660
Point 2548
5368, 9085
Point 2549
6295, 777
Point 2550
2863, 1233
Point 2551
9318, 116
Point 2552
5606, 6025
Point 2553
1279, 3044
Point 2554
4553, 1758
Point 2555
1615, 8966
Point 2556
4211, 6320
Point 2557
8154, 4095
Point 2558
421, 6927
Point 2559
4326, 2388
Point 2560
7529, 5732
Point 2561
5495, 9114
Point 2562
7895, 6351
Point 2563
9395, 4282
Point 2564
1446, 4593
Point 2565
2996, 334
Point 2566
5438, 5191
Point 2567
8300, 888
Point 2568
4959, 5186
Point 2569
2549, 5098
Point 2570
2797, 3728
Point 2571
4106, 5222
Point 2572
3287, 7578
Point 2573
3878, 3392
Point 2574
8471, 1320
Point 2575
3575, 7233
Point 2576
6507, 1405
Point 2577
6318, 2989
Point 2578
1629, 3544
Point 2579
2151, 9110
Point 2580
2175, 3682
Point 2581
861, 2887
Point 2582
8186, 3803
Point 2583
7200, 7637
Point 2584
2926, 5160
Point 2585
9042, 8195
Point 2586
3288, 3187
Point 2587
7338, 8026
Point 2588
2516, 269
Point 2589
7801, 2135
Point 2590
4913, 4889
Point 2591
8208, 6131
Point 2592
6296, 8192
Point 2593
1888, 3319
Point 2594
5829, 1949
Point 2595
7552, 8457
Point 2596
4578, 5108
Point 2597
7938, 8980
Point 2598
3621, 9625
Point 2599
4934, 1891
Point 2600
9887, 141
Point 2601
6805, 7291
Point 2602
1026, 6181
Point 2603
3960, 7546
Point 2604
1557, 53
Point 2605
3263, 4478
Point 2606
1299, 8370
Point 2607
7358, 5660
Point 2608
3673, 221
Point 2609
4665, 4848
Point 2610
5833, 418
Point 2611
7754, 940
Point 2612
4802, 1945
Point 2613
2682, 4430
Point 2614
3762, 7784
Point 2615
9505, 279
Point 2616
522, 8607
Point 2617
4695, 1371
Point 2618
5772, 9488
Point 2619
9442, 7253
Point 2620
2206, 5744
Point 2621
3969, 8765
Point 2622
6857, 5302
Point 2623
6867, 316
Point 2624
8041, 2554
Point 2625
196, 8069
Point 2626
5223, 6589
Point 2627
5664, 4110
Point 2628
4766, 4884
Point 2629
4505, 3779
Point 2630
7097, 2074
Point 2631
3873, 5794
Point 2632
1091, 2241
Point 2633
5556, 2519
Point 2634
9637, 2348
Point 2635
8565, 812
Point 2636
6295, 3856
Point 2637
5804, 2222
Point 2638
6700, 9386
Point 2639
6401, 5025
Point 2640
9958, 1347
Point 2641
9545, 9552
Point 2642
4661, 9860
Point 2643
2688, 2590
Point 2644
1314, 8019
Point 2645
6837, 6239
Point 2646
8045, 3561
Point 2647
4320, 1545
Point 2648
9203, 7343
Point 2649
9905, 7494
Point 2650
7170, 691
Point 2651
4421, 1465
Point 2652
6094, 5638
Point 2653
1133, 8158
Point 2654
2543, 4332
Point 2655
9076, 148
Point 2656
2158, 6521
Point 2657
4227, 4760
Point 2658
3228, 6873
Point 2659
8974, 8710
Point 2660
7867, 7142
Point 2661
2681, 4138
Point 2662
8920, 1691
Point 2663
1322, 7025
Point 2664
6098, 8746
Point 2665
2115, 1796
Point 2666
7946, 3865
Point 2667
9900, 3913
Point 2668
7208, 6619
Point 2669
5611, 5659
Point 2670
5916, 6219
Point 2671
3575, 8998
Point 2672
3076, 6929
Point 2673
3640, 3377
Point 2674
2265, 9491
Point 2675
6155, 5640
Point 2676
8569, 529
Point 2677
2671, 3870
Point 2678
4394, 7889
Point 2679
2921, 6865
Point 2680
1418, 6236
Point 2681
9088, 6247
Point 2682
1651, 3863
Point 2683
1690, 8703
Point 2684
3984, 8647
Point 2685
7489, 1786
Point 2686
3871, 8345
Point 2687
8761, 7841
Point 2688
2881, 8017
Point 2689
4991, 7126
Point 2690
1704, 5272
Point 2691
2596, 3025
Point 2692
4939, 2236
Point 2693
5627, 9340
Point 2694
8456, 1663
Point 2695
588, 2098
Point 2696
483, 3463
Point 2697
1448, 6054
Point 2698
5677, 7056
Point 2699
6769, 9112
Point 2700
7403, 4434
Point 2701
9421, 6277
Point 2702
7204, 8580
Point 2703
806, 8413
Point 2704
1991, 1993
Point 2705
5736, 95
Point 2706
8913, 453
Point 2707
1135, 5121
Point 2708
5024, 7887
Point 2709
1612, 7913
Point 2710
3882, 9209
Point 2711
7595, 3914
Point 2712
4069, 9361
Point 2713
7213, 2388
Point 2714
5200, 8419
Point 2715
1398, 534
Point 2716
5487, 4590
Point 2717
2769, 8735
Point 2718
1158, 9221
Point 2719
2803, 2926
Point 2720
2105, 495
Point 2721
8505, 1555
Point 2722
30, 5429
Point 2723
9332, 1430
Point 2724
5045, 2967
Point 2725
7490, 8860
Point 2726
4191, 4514
Point 2727
9887, 9924
Point 2728
681, 2061
Point 2729
7984, 6453
Point 2730
5779, 8256
Point 2731
2617, 2361
Point 2732
6197, 7171
Point 2733
4411, 8335
Point 2734
8644, 9346
Point 2735
6887, 1580
Point 2736
9727, 9753
Point 2737
8537, 1286
Point 2738
3801, 2724
Point 2739
2206, 9831
Point 2740
3551, 3612
Point 2741
4981, 4306
Point 2742
8111, 2959
Point 2743
9446, 2918
Point 2744
1327, 5309
Point 2745
7622, 6061
Point 2746
8433, 1436
Point 2747
2237, 2372
Point 2748
2833, 9715
Point 2749
6048, 6016
Point 2750
5951, 9666
Point 2751
8857, 2570
Point 2752
2192, 8257
Point 2753
3611, 7399
Point 2754
7918, 7480
Point 2755
7484, 2222
Point 2756
8069, 9898
Point 2757
1217, 2676
Point 2758
6544, 7423
Point 2759
163, 2125
Point 2760
6798, 7382
Point 2761
3430, 4699
Point 2762
7238, 9115
Point 2763
3338, 3612
Point 2764
1933, 3786
Point 2765
6009, 9176
Point 2766
956, 9878
Point 2767
5289, 4597
Point 2768
6189, 6924
Point 2769
6476, 6653
Point 2770
7860, 426
Point 2771
3344, 2646
Point 2772
4252, 1637
Point 2773
1802, 4646
Point 2774
2023, 6888
Point 2775
6209, 6973
Point 2776
7439, 2502
Point 2777
9836, 3108
Point 2778
9407, 2966
Point 2779
9259, 3784
Point 2780
3679, 2013
Point 2781
3562, 8877
Point 2782
3842, 8522
Point 2783
3162, 1880
Point 2784
8788, 1762
Point 2785
9785, 7285
Point 2786
8226, 3363
Point 2787
8662, 7933
Point 2788
7531, 6662
Point 2789
6366, 1584
Point 2790
682, 7538
Point 2791
2899, 3347
Point 2792
5427, 4754
Point 2793
4577, 3350
Point 2794
7885, 1912
Point 2795
5094, 7129
Point 2796
4789, 7634
Point 2797
5712, 9533
Point 2798
307, 5331
Point 2799
1972, 1664
Point 2800
965, 9036
Point 2801
3526, 4328
Point 2802
6576, 7140
Point 2803
5749, 830
Point 2804
7265, 1622
Point 2805
6621, 6504
Point 2806
6713, 6367
Point 2807
64, 2352
Point 2808
9545, 4502
Point 2809
7375, 5383
Point 2810
6433, 1348
Point 2811
1687, 8809
Point 2812
3926, 6533
Point 2813
6518, 1117
Point 2814
7278, 6086
Point 2815
8354, 4227
Point 2816
3630, 2937
Point 2817
4952, 7433
Point 2818
9768, 2131
Point 2819
5602, 5640
Point 2820
3393, 5275
Point 2821
6919, 7507
Point 2822
9331, 7282
Point 2823
7923, 1569
Point 2824
2457, 7304
Point 2825
1122, 6132
Point 2826
7216, 4873
Point 2827
2122, 1799
Point 2828
9593, 1784
Point 2829
8892, 3849
Point 2830
1126, 9968
Point 2831
3201, 5394
Point 2832
6147, 5745
Point 2833
1015, 1193
Point 2834
2797, 1218
Point 2835
5646, 6353
Point 2836
5582, 4271
Point 2837
7311, 3734
Point 2838
2240, 9704
Point 2839
5448, 8820
Point 2840
486, 5327
Point 2841
5562, 1064
Point 2842
891, 8519
Point 2843
724, 6264
Point 2844
533, 691
Point 2845
8907, 5399
Point 2846
8376, 9414
Point 2847
1280, 1545
Point 2848
7365, 496
Point 2849
3297, 7963
Point 2850
130, 5264
Point 2851
9976, 7282
Point 2852
4879, 1451
Point 2853
9098, 3809
Point 2854
5590, 9672
Point 2855
1232, 8421
Point 2856
5888, 1268
Point 2857
3471, 8254
Point 2858
9196, 7477
Point 2859
4547, 1448
Point 2860
8633, 4330
Point 2861
2609, 584
Point 2862
8920, 2469
Point 2863
3356, 7126
Point 2864
9139, 6147
Point 2865
5439, 3185
Point 2866
9547, 1096
Point 2867
2104, 6197
Point 2868
7861, 6636
Point 2869
2891, 6788
Point 2870
444, 3451
Point 2871
6864, 9948
Point 2872
1624, 4764
Point 2873
9341, 4965
Point 2874
38, 5328
Point 2875
7371, 59
Point 2876
4323, 9587
Point 2877
5316, 3561
Point 2878
1733, 7640
Point 2879
808, 4657
Point 2880
2359, 5245
Point 2881
3077, 3208
Point 2882
8478, 1981
Point 2883
203, 9965
Point 2884
3283, 9916
Point 2885
9170, 5606
Point 2886
5739, 3629
Point 2887
2794, 9492
Point 2888
8641, 1309
Point 2889
560, 6715
Point 2890
5079, 5771
Point 2891
6197, 5152
Point 2892
4474, 3703
Point 2893
3430, 2530
Point 2894
3081, 1249
Point 2895
2747, 7240
Point 2896
5471, 4088
Point 2897
6270, 5613
Point 2898
2840, 606
Point 2899
4848, 2675
Point 2900
1234, 7441
Point 2901
1335, 3027
Point 2902
7752, 7724
Point 2903
6701, 3422
Point 2904
5644, 3675
Point 2905
1091, 8850
Point 2906
9826, 6849
Point 2907
238, 9513
Point 2908
2802, 1313
Point 2909
8741, 6927
Point 2910
7239, 7287
Point 2911
5639, 3575
Point 2912
5507, 5398
Point 2913
4435, 2031
Point 2914
8376, 4555
Point 2915
9265, 6282
Point 2916
4781, 9714
Point 2917
1268, 85
Point 2918
2058, 9288
Point 2919
4366, 4643
Point 2920
1374, 5823
Point 2921
7660, 618
Point 2922
6216, 7683
Point 2923
2415, 7547
Point 2924
2765, 3985
Point 2925
5234, 7124
Point 2926
9701, 9767
Point 2927
5422, 5464
Point 2928
1609, 3480
Point 2929
3775, 3470
Point 2930
4491, 4289
Point 2931
2070, 3737
Point 2932
4124, 2382
Point 2933
7384, 7036
Point 2934
7997, 1510
Point 2935
3038, 1358
Point 2936
9378, 9319
Point 2937
8432, 1742
Point 2938
7708, 7693
Point 2939
3353, 9660
Point 2940
2966, 2266
Point 2941
8398, 6624
Point 2942
2892, 7578
Point 2943
2124, 7823
Point 2944
1053, 1892
Point 2945
7213, 8133
Point 2946
594, 3623
Point 2947
2517, 4622
Point 2948
3246, 9525
Point 2949
5196, 6805
Point 2950
5635, 3316
Point 2951
7305, 8324
Point 2952
5291, 2255
Point 2953
4196, 1487
Point 2954
6868, 8334
Point 2955
7870, 9145
Point 2956
5054, 218
Point 2957
7029, 6760
Point 2958
4385, 1837
Point 2959
6985, 1192
Point 2960
7773, 3609
Point 2961
6823, 1743
Point 2962
4929, 2706
Point 2963
8240, 3288
Point 2964
9059, 9449
Point 2965
362, 933
Point 2966
5227, 7980
Point 2967
7462, 615
Point 2968
6607, 658
Point 2969
2044, 239
Point 2970
5457, 7318
Point 2971
3978, 1567
Point 2972
4120, 2464
Point 2973
7539, 3891
Point 2974
7607, 5747
Point 2975
2073, 6743
Point 2976
3393, 3693
Point 2977
8761, 366
Point 2978
5922, 3499
Point 2979
5500, 9484
Point 2980
3059, 2977
Point 2981
4248, 8022
Point 2982
9179, 4220
Point 2983
381, 9880
Point 2984
4956, 2412
Point 2985
1555, 3574
Point 2986
7020, 5350
Point 2987
4370, 6646
Point 2988
1602, 3723
Point 2989
762, 9100
Point 2990
5061, 6945
Point 2991
2405, 3792
Point 2992
744, 4453
Point 2993
700, 5730
Point 2994
6010, 7753
Point 2995
1923, 1497
Point 2996
5476, 4236
Point 2997
1983, 4685
Point 2998
6515, 9805
Point 2999
2880, 3104
Point 3000
881, 3670
