Point 1
3070, 6905
Point 2
2497, 7420
Point 3
6020, 8084
Point 4
1805, 2917
Point 5
6020, 9217
Point 6
7056, 579
Point 7
444, 4226
Point 8
9486, 3822
Point 9
6618, 5452
Point 10
9628, 2175
Point 11
9491, 3167
Point 12
7527, 5284
Point 13
6155, 4927
Point 14
2247, 4965
Point 15
5112, 7602
Point 16
2793, 8205
Point 17
3653, 5150
Point 18
3246, 5678
Point 19
5002, 740
Point 20
3352, 2281
Point 21
7995, 2742
Point 22
2039, 8499
Point 23
5962, 243
Point 24
5442, 3965
Point 25
8231, 5255
Point 26
2884, 7514
Point 27
7185, 5598
Point 28
3954, 1213
Point 29
6183, 4558
Point 30
7346, 9401
Point 31
8816, 816
Point 32
7432, 7575
Point 33
7925, 4964
Point 34
7688, 166
Point 35
3639, 6888
Point 36
1037, 640
Point 37
3259, 1747
Point 38
5916, 2200
Point 39
2241, 907
Point 40
3480, 2406
Point 41
4780, 8214
Point 42
5705, 459
Point 43
4499, 1268
Point 44
6376, 1591
Point 45
633, 2014
Point 46
6936, 9043
Point 47
2755, 862
Point 48
7016, 431
Point 49
7560, 3823
Point 50
5068, 1976
Point 51
4522, 2678
Point 52
8019, 1010
Point 53
3350, 4089
Point 54
64, 4469
Point 55
5067, 4727
Point 56
9847, 8653
Point 57
278, 5992
Point 58
2113, 3451
Point 59
2734, 3704
Point 60
4658, 2422
Point 61
3643, 5279
Point 62
3864, 8670
Point 63
2355, 9295
Point 64
2478, 5264
Point 65
2016, 154
Point 66
1395, 8139
Point 67
4596, 3551
Point 68
3158, 8832
Point 69
8273, 6865
Point 70
8662, 4226
Point 71
1592, 2245
Point 72
105, 534
Point 73
3043, 9175
Point 74
2627, 9167
Point 75
1727, 7609
Point 76
4255, 2843
Point 77
4659, 2359
Point 78
8818, 1310
Point 79
8902, 4393
Point 80
9267, 7411
Point 81
2209, 4909
Point 82
9530, 5852
Point 83
4152, 3628
Point 84
1416, 9011
Point 85
801, 3603
Point 86
9402, 6382
Point 87
9956, 1039
Point 88
160, 6870
Point 89
636, 99
Point 90
5597, 6006
Point 91
97, 9491
Point 92
7861, 3413
Point 93
3987, 9728
Point 94
2297, 9346
Point 95
415, 7415
Point 96
9624, 2968
Point 97
6697, 5637
Point 98
1772, 9207
Point 99
8321, 7591
Point 100
6755, 5457
Point 101
3289, 3960
Point 102
6705, 4192
Point 103
1402, 3238
Point 104
9783, 2638
Point 105
7285, 8169
Point 106
1044, 6059
Point 107
7987, 803
Point 108
9557, 6904
Point 109
853, 3277
Point 110
9073, 8114
Point 111
5017, 1362
Point 112
7358, 5207
Point 113
364, 3055
Point 114
4950, 8418
Point 115
1071, 5068
Point 116
7539, 3128
Point 117
6973, 5922
Point 118
7431, 4104
Point 119
4897, 5531
Point 120
8638, 6638
Point 121
3821, 7681
Point 122
7000, 5597
Point 123
2311, 3571
Point 124
1465, 1593
Point 125
3959, 1760
Point 126
5148, 2015
Point 127
6801, 2237
Point 128
5120, 3497
Point 129
5597, 120
Point 130
8008, 1552
Point 131
1696, 7522
Point 132
4436, 2567
Point 133
3785, 498
Point 134
9094, 3117
Point 135
4251, 1675
Point 136
4808, 1656
Point 137
111, 8147
Point 138
8344, 8041
Point 139
4494, 8538
Point 140
2898, 7052
Point 141
4539, 2742
Point 142
7224, 3112
Point 143
4199, 2804
Point 144
4180, 4712
Point 145
5972, 3604
Point 146
2093, 8757
Point 147
3817, 7630
Point 148
815, 6949
Point 149
651, 8921
Point 150
572, 8635
Point 151
7738, 7505
Point 152
5818, 7135
Point 153
9984, 7117
Point 154
8137, 9445
Point 155
723, 5789
Point 156
2006, 2441
Point 157
1916, 1047
Point 158
4662, 2233
Point 159
854, 8846
Point 160
6700, 7151
Point 161
2433, 8164
Point 162
3143, 8989
Point 163
6868, 1173
Point 164
5648, 1614
Point 165
6305, 2341
Point 166
5326, 816
Point 167
212, 8445
Point 168
2162, 4338
Point 169
8669, 5497
Point 170
1466, 6476
Point 171
4683, 7895
Point 172
9935, 7295
Point 173
1560, 9702
Point 174
3946, 2582
Point 175
8987, 7931
Point 176
514, 6958
Point 177
1975, 2914
Point 178
6974, 9241
Point 179
98, 1416
Point 180
8912, 6117
Point 181
590, 4027
Point 182
7104, 7429
Point 183
7729, 9517
Point 184
3330, 4013
Point 185
2723, 5378
Point 186
1777, 6886
Point 187
2806, 5538
Point 188
7467, 4819
Point 189
5641, 3388
Point 190
5645, 5833
Point 191
5268, 663
Point 192
6397, 7028
Point 193
8823, 497
Point 194
6873, 6274
Point 195
9060, 5997
Point 196
9486, 8762
Point 197
6269, 4058
Point 198
8161, 1207
Point 199
4662, 7850
Point 200
6329, 6561
Point 201
2462, 351
Point 202
9714, 2500
Point 203
2015, 5656
Point 204
4178, 7679
Point 205
6090, 4387
Point 206
3879, 740
Point 207
9181, 4449
Point 208
7845, 8434
Point 209
8120, 8662
Point 210
3678, 842
Point 211
4606, 6308
Point 212
5555, 3646
Point 213
3329, 6528
Point 214
9971, 9701
Point 215
3326, 7693
Point 216
6713, 4702
Point 217
6895, 8335
Point 218
4459, 4684
Point 219
9966, 2070
Point 220
86, 6288
Point 221
152, 1025
Point 222
8276, 4238
Point 223
3897, 9755
Point 224
3352, 4335
Point 225
2100, 4330
Point 226
8372, 4421
Point 227
4384, 9383
Point 228
7507, 201
Point 229
5789, 9237
Point 230
6436, 7632
Point 231
6092, 7920
Point 232
2105, 8640
Point 233
1157, 6898
Point 234
7568, 2332
Point 235
7796, 8620
Point 236
9801, 9605
Point 237
8446, 8626
Point 238
8441, 5048
Point 239
9645, 8867
Point 240
1177, 6397
Point 241
8777, 167
Point 242
7168, 8441
Point 243
6828, 2282
Point 244
3336, 5230
Point 245
1005, 5890
Point 246
9602, 1745
Point 247
9, 2043
Point 248
8225, 3731
Point 249
6434, 1076
Point 250
9307, 2341
Point 251
5362, 4806
Point 252
9175, 8418
Point 253
5517, 2953
Point 254
916, 9777
Point 255
9573, 7150
Point 256
6629, 3705
Point 257
3122, 3662
Point 258
9097, 6010
Point 259
7655, 8972
Point 260
6542, 7456
Point 261
1478, 797
Point 262
7871, 8162
Point 263
3921, 722
Point 264
7413, 644
Point 265
2403, 3699
Point 266
7496, 2588
Point 267
8987, 3913
Point 268
4455, 1140
Point 269
2899, 6158
Point 270
8643, 1528
Point 271
8127, 6811
Point 272
1838, 4182
Point 273
746, 8692
Point 274
6099, 6145
Point 275
8858, 9719
Point 276
6528, 4557
Point 277
9162, 6065
Point 278
6717, 2239
Point 279
8091, 6772
Point 280
9657, 8035
Point 281
2156, 8213
Point 282
8839, 7413
Point 283
1709, 3654
Point 284
3929, 2099
Point 285
4666, 5232
Point 286
2925, 996
Point 287
1914, 3152
Point 288
8030, 8504
Point 289
4084, 9600
Point 290
5605, 502
Point 291
201, 2965
Point 292
1507, 2706
Point 293
2266, 1301
Point 294
1891, 914
Point 295
6312, 2675
Point 296
6113, 7704
Point 297
9638, 4000
Point 298
2768, 5592
Point 299
6017, 9299
Point 300
2081, 2328
Point 301
5492, 2945
Point 302
7894, 77
Point 303
3071, 3336
Point 304
302, 6516
Point 305
1073, 7764
Point 306
5631, 2599
Point 307
3212, 9719
Point 308
3896, 8619
Point 309
4566, 5806
Point 310
5143, 7565
Point 311
534, 590
Point 312
5140, 2270
Point 313
9575, 4200
Point 314
7780, 820
Point 315
9100, 9316
Point 316
6238, 2858
Point 317
1204, 1301
Point 318
7469, 7968
Point 319
5137, 7646
Point 320
4900, 6149
Point 321
6335, 670
Point 322
2362, 9551
Point 323
7678, 438
Point 324
8220, 4090
Point 325
7208, 3271
Point 326
2429, 9361
Point 327
7978, 4862
Point 328
816, 5329
Point 329
9907, 6039
Point 330
269, 4687
Point 331
591, 3499
Point 332
5723, 505
Point 333
1845, 7481
Point 334
4823, 9773
Point 335
1423, 3241
Point 336
8993, 4833
Point 337
4860, 3483
Point 338
241, 6294
Point 339
638, 4413
Point 340
1510, 3032
Point 341
3017, 8978
Point 342
4627, 7118
Point 343
758, 7030
Point 344
3968, 4125
Point 345
6718, 3642
Point 346
5875, 2159
Point 347
2811, 3607
Point 348
3501, 6166
Point 349
7222, 2291
Point 350
4340, 7608
Point 351
5876, 419
Point 352
2947, 3417
Point 353
8185, 3124
Point 354
4558, 2317
Point 355
7880, 1654
Point 356
6208, 1022
Point 357
3301, 9494
Point 358
746, 7647
Point 359
7999, 3341
Point 360
5696, 4715
Point 361
1669, 3365
Point 362
3309, 9553
Point 363
3511, 6496
Point 364
337, 5608
Point 365
4972, 1110
Point 366
6084, 4197
Point 367
6452, 1377
Point 368
5103, 2582
Point 369
3079, 4836
Point 370
6536, 886
Point 371
7931, 7275
Point 372
5560, 7338
Point 373
7161, 4872
Point 374
3643, 8616
Point 375
457, 4756
Point 376
3400, 9634
Point 377
1931, 1608
Point 378
702, 5019
Point 379
1119, 9759
Point 380
1438, 2757
Point 381
1111, 7336
Point 382
2760, 8985
Point 383
985, 1467
Point 384
9050, 1759
Point 385
2722, 1261
Point 386
919, 777
Point 387
8554, 8377
Point 388
1523, 9503
Point 389
3294, 3343
Point 390
8237, 5897
Point 391
7635, 9461
Point 392
9302, 8062
Point 393
2613, 5146
Point 394
4437, 1515
Point 395
2482, 9852
Point 396
5609, 5492
Point 397
3095, 8335
Point 398
9174, 6735
Point 399
5555, 2962
Point 400
3403, 542
Point 401
386, 4008
Point 402
6063, 502
Point 403
5742, 3435
Point 404
5162, 325
Point 405
4302, 8518
Point 406
2214, 3420
Point 407
7407, 7877
Point 408
1477, 8489
Point 409
1698, 3945
Point 410
487, 2289
Point 411
3112, 2740
Point 412
6902, 3934
Point 413
5374, 3886
Point 414
4200, 8635
Point 415
5359, 1309
Point 416
4074, 2610
Point 417
5621, 7731
Point 418
6520, 5039
Point 419
5210, 4182
Point 420
9554, 7437
Point 421
3500, 9083
Point 422
9249, 5530
Point 423
8133, 169
Point 424
7372, 3882
Point 425
7471, 6486
Point 426
8254, 8855
Point 427
9927, 7020
Point 428
8764, 1238
Point 429
7451, 7130
Point 430
5241, 5900
Point 431
8077, 3894
Point 432
9053, 2135
Point 433
2930, 6696
Point 434
8127, 5059
Point 435
6394, 9992
Point 436
5180, 5338
Point 437
4218, 996
Point 438
4715, 1838
Point 439
3282, 6258
Point 440
9837, 9352
Point 441
8451, 7588
Point 442
6908, 1473
Point 443
6499, 9564
Point 444
692, 6885
Point 445
4438, 8018
Point 446
5190, 5873
Point 447
9743, 1298
Point 448
5681, 2706
Point 449
2958, 3855
Point 450
5595, 8656
Point 451
8937, 4768
Point 452
7838, 9937
Point 453
1612, 2185
Point 454
3893, 4574
Point 455
8548, 8328
Point 456
5645, 2316
Point 457
5827, 8731
Point 458
4224, 2128
Point 459
797, 3652
Point 460
7378, 2470
Point 461
110, 9256
Point 462
1898, 636
Point 463
3115, 1062
Point 464
421, 8738
Point 465
6167, 2420
Point 466
2596, 5572
Point 467
1692, 6325
Point 468
9030, 5590
Point 469
6968, 9747
Point 470
2690, 8443
Point 471
1468, 5837
Point 472
6522, 5169
Point 473
8382, 876
Point 474
7918, 5
Point 475
5429, 9605
Point 476
365, 9995
Point 477
2467, 4754
Point 478
132, 8105
Point 479
8544, 3939
Point 480
1142, 9392
Point 481
9023, 9932
Point 482
4352, 3932
Point 483
4211, 8273
Point 484
8874, 4644
Point 485
4510, 9641
Point 486
851, 2975
Point 487
3547, 3027
Point 488
2672, 442
Point 489
9932, 9788
Point 490
9488, 9472
Point 491
387, 7921
Point 492
2193, 2662
Point 493
1784, 570
Point 494
6039, 5638
Point 495
7339, 2661
Point 496
1887, 4993
Point 497
2674, 4837
Point 498
2721, 9466
Point 499
738, 4407
Point 500
1496, 9475
Point 501
708, 8889
Point 502
7667, 7382
Point 503
4870, 8933
Point 504
8797, 8479
Point 505
9254, 3860
Point 506
550, 556
Point 507
8296, 4909
Point 508
3051, 8160
Point 509
1174, 8364
Point 510
4110, 6140
Point 511
7643, 3195
Point 512
153, 5939
Point 513
4132, 5555
Point 514
3786, 7242
Point 515
6709, 5584
Point 516
2936, 7033
Point 517
6080, 272
Point 518
194, 7911
Point 519
1227, 9893
Point 520
2629, 7591
Point 521
2518, 4433
Point 522
1677, 1921
Point 523
2148, 824
Point 524
9927, 4458
Point 525
9641, 1339
Point 526
6645, 6661
Point 527
2798, 8502
Point 528
6662, 4124
Point 529
9959, 2054
Point 530
7943, 5893
Point 531
7741, 9115
Point 532
1544, 5881
Point 533
9503, 9528
Point 534
3963, 7694
Point 535
3728, 4559
Point 536
5954, 6731
Point 537
8218, 8620
Point 538
3734, 6350
Point 539
5557, 503
Point 540
8260, 8096
Point 541
7636, 2689
Point 542
5709, 9505
Point 543
2212, 4801
Point 544
7642, 6851
Point 545
2441, 9921
Point 546
2489, 4343
Point 547
1126, 648
Point 548
883, 5733
Point 549
5020, 5047
Point 550
6194, 9105
Point 551
926, 1404
Point 552
8133, 656
Point 553
4607, 4627
Point 554
1720, 8718
Point 555
5496, 6498
Point 556
6089, 4976
Point 557
5117, 6551
Point 558
7601, 5830
Point 559
4734, 324
Point 560
9597, 3247
Point 561
8276, 6937
Point 562
6708, 1040
Point 563
9830, 8548
Point 564
5130, 9502
Point 565
1141, 71
Point 566
1506, 8614
Point 567
3431, 8736
Point 568
2133, 7593
Point 569
9622, 9576
Point 570
1105, 6477
Point 571
7544, 4713
Point 572
702, 3653
Point 573
2102, 1447
Point 574
9818, 1754
Point 575
4520, 6579
Point 576
6587, 3182
Point 577
9753, 2145
Point 578
9463, 5681
Point 579
8981, 789
Point 580
6974, 7833
Point 581
2656, 7389
Point 582
134, 4138
Point 583
1035, 7203
Point 584
3048, 9408
Point 585
3324, 9825
Point 586
6665, 2627
Point 587
3629, 2535
Point 588
7789, 1127
Point 589
1729, 6232
Point 590
510, 6958
Point 591
9400, 2109
Point 592
9998, 8682
Point 593
8436, 7427
Point 594
9279, 3443
Point 595
4868, 4334
Point 596
8019, 6151
Point 597
4940, 6536
Point 598
8639, 4895
Point 599
2326, 4806
Point 600
9129, 4268
Point 601
2824, 3796
Point 602
3821, 1203
Point 603
2272, 9473
Point 604
3092, 1130
Point 605
5810, 8545
Point 606
451, 5786
Point 607
1750, 8751
Point 608
824, 7847
Point 609
1339, 1572
Point 610
6935, 1710
Point 611
6433, 7019
Point 612
1680, 4197
Point 613
757, 3490
Point 614
3122, 3759
Point 615
6811, 4407
Point 616
5304, 1809
Point 617
9714, 7292
Point 618
2481, 5246
Point 619
1335, 291
Point 620
6552, 4923
Point 621
2888, 5752
Point 622
7499, 854
Point 623
1863, 395
Point 624
4437, 1266
Point 625
9618, 6852
Point 626
548, 9302
Point 627
9264, 1942
Point 628
8590, 8073
Point 629
9569, 2869
Point 630
4937, 2112
Point 631
9533, 3742
Point 632
9208, 802
Point 633
4, 1318
Point 634
3372, 7285
Point 635
3258, 640
Point 636
8966, 4584
Point 637
8795, 8396
Point 638
3557, 9150
Point 639
3812, 4246
Point 640
7864, 934
Point 641
9744, 8090
Point 642
3166, 8202
Point 643
2092, 4346
Point 644
4494, 4778
Point 645
9341, 2625
Point 646
8904, 7200
Point 647
8189, 7925
Point 648
9706, 9319
Point 649
6549, 2411
Point 650
6880, 2317
Point 651
2809, 5199
Point 652
1131, 8796
Point 653
9708, 6143
Point 654
4038, 638
Point 655
3824, 4582
Point 656
9563, 1667
Point 657
7187, 4237
Point 658
2851, 7788
Point 659
5784, 1001
Point 660
655, 9255
Point 661
852, 1250
Point 662
4020, 1981
Point 663
2754, 4463
Point 664
7917, 7399
Point 665
3980, 5453
Point 666
4390, 3281
Point 667
7327, 8303
Point 668
5497, 1143
Point 669
7706, 6229
Point 670
9828, 9363
Point 671
1149, 9017
Point 672
1699, 5018
Point 673
2600, 2441
Point 674
5268, 1559
Point 675
4834, 2093
Point 676
6748, 3928
Point 677
4493, 7463
Point 678
6675, 7486
Point 679
7596, 764
Point 680
745, 2214
Point 681
6141, 9001
Point 682
2123, 9043
Point 683
9464, 7084
Point 684
318, 900
Point 685
8824, 4408
Point 686
1748, 7053
Point 687
1428, 7255
Point 688
4919, 5693
Point 689
498, 4621
Point 690
8776, 6362
Point 691
1363, 5606
Point 692
6267, 743
Point 693
9585, 2413
Point 694
6362, 7667
Point 695
6093, 4145
Point 696
6898, 5734
Point 697
6016, 3103
Point 698
7470, 4866
Point 699
2430, 7100
Point 700
6300, 6322
Point 701
3615, 8399
Point 702
7519, 9222
Point 703
2560, 2355
Point 704
5623, 470
Point 705
442, 6537
Point 706
2012, 4125
Point 707
1610, 4208
Point 708
4421, 5711
Point 709
6175, 4378
Point 710
3892, 6752
Point 711
7760, 4346
Point 712
5416, 4896
Point 713
8160, 9626
Point 714
7836, 5397
Point 715
7740, 473
Point 716
5756, 436
Point 717
201, 3835
Point 718
1219, 3775
Point 719
3075, 4488
Point 720
5749, 9609
Point 721
717, 9365
Point 722
3980, 6082
Point 723
4924, 4634
Point 724
8536, 5949
Point 725
9350, 5955
Point 726
2106, 9099
Point 727
7859, 8534
Point 728
6697, 4266
Point 729
3636, 5072
Point 730
1973, 140
Point 731
5453, 6524
Point 732
4251, 9331
Point 733
9833, 2705
Point 734
5254, 2113
Point 735
3002, 7196
Point 736
5038, 774
Point 737
4518, 3767
Point 738
6640, 9502
Point 739
5261, 9573
Point 740
956, 9218
Point 741
6039, 3765
Point 742
9088, 1550
Point 743
9527, 8819
Point 744
6023, 1207
Point 745
7440, 5907
Point 746
3821, 1437
Point 747
6921, 4907
Point 748
4755, 2953
Point 749
4947, 4309
Point 750
4815, 2732
Point 751
7236, 6158
Point 752
5815, 5446
Point 753
8629, 6466
Point 754
9997, 6918
Point 755
5179, 2053
Point 756
4439, 5968
Point 757
4323, 645
Point 758
3878, 8283
Point 759
8386, 2259
Point 760
9583, 3547
Point 761
8437, 6377
Point 762
8844, 4945
Point 763
31, 1244
Point 764
4294, 8390
Point 765
9718, 8698
Point 766
4843, 7329
Point 767
1410, 439
Point 768
266, 7838
Point 769
4603, 9315
Point 770
9685, 7857
Point 771
2330, 2324
Point 772
66, 3875
Point 773
5240, 350
Point 774
4683, 8165
Point 775
9670, 3370
Point 776
3000, 9740
Point 777
1794, 8837
Point 778
2869, 2616
Point 779
6947, 5258
Point 780
3100, 5668
Point 781
3124, 2627
Point 782
9492, 9407
Point 783
261, 6261
Point 784
208, 6314
Point 785
2449, 872
Point 786
7056, 3066
Point 787
8454, 7241
Point 788
7633, 4887
Point 789
7091, 4744
Point 790
9595, 4610
Point 791
7841, 9142
Point 792
2356, 1538
Point 793
3904, 6565
Point 794
3423, 8173
Point 795
4360, 1410
Point 796
6260, 6040
Point 797
4492, 7996
Point 798
4091, 5376
Point 799
8505, 3254
Point 800
9369, 7304
Point 801
6808, 469
Point 802
1773, 1240
Point 803
875, 2155
Point 804
8556, 4761
Point 805
2247, 3503
Point 806
9797, 7927
Point 807
8705, 6538
Point 808
7717, 9152
Point 809
9827, 9091
Point 810
3572, 5094
Point 811
6224, 2034
Point 812
7868, 2777
Point 813
1565, 2805
Point 814
9609, 8159
Point 815
4197, 3222
Point 816
8159, 1718
Point 817
5639, 4789
Point 818
6889, 8256
Point 819
6492, 5290
Point 820
1268, 5103
Point 821
6459, 6310
Point 822
5282, 176
Point 823
4038, 2514
Point 824
9158, 8921
Point 825
3216, 18
Point 826
8258, 7083
Point 827
9010, 2969
Point 828
7674, 4458
Point 829
1050, 4594
Point 830
9615, 3292
Point 831
4610, 1398
Point 832
952, 3865
Point 833
1398, 6935
Point 834
6444, 8893
Point 835
8279, 4636
Point 836
9125, 7913
Point 837
658, 7551
Point 838
3061, 2521
Point 839
8698, 6524
Point 840
5293, 3476
Point 841
8750, 7342
Point 842
3137, 1055
Point 843
9439, 1699
Point 844
236, 764
Point 845
1682, 6396
Point 846
9742, 7532
Point 847
4596, 207
Point 848
5854, 2865
Point 849
4719, 8001
Point 850
5546, 1069
Point 851
4270, 7327
Point 852
800, 2626
Point 853
5268, 3516
Point 854
7881, 5086
Point 855
251, 5527
Point 856
4292, 4409
Point 857
7066, 6276
Point 858
5917, 2611
Point 859
4736, 7979
Point 860
6569, 766
Point 861
9774, 5180
Point 862
9651, 9955
Point 863
7459, 5525
Point 864
6982, 6571
Point 865
599, 1148
Point 866
2961, 2563
Point 867
9064, 1527
Point 868
3187, 5649
Point 869
7010, 2091
Point 870
5433, 9305
Point 871
1084, 1505
Point 872
7413, 7436
Point 873
2189, 4570
Point 874
196, 4016
Point 875
5369, 6980
Point 876
8296, 3718
Point 877
7280, 2800
Point 878
7492, 5566
Point 879
8327, 5438
Point 880
9242, 7980
Point 881
7076, 8174
Point 882
6204, 248
Point 883
7811, 818
Point 884
6801, 2403
Point 885
8207, 4960
Point 886
8067, 2776
Point 887
3028, 1464
Point 888
5026, 63
Point 889
1466, 337
Point 890
1800, 4681
Point 891
294, 4917
Point 892
4300, 2348
Point 893
2347, 9443
Point 894
6870, 1397
Point 895
13, 1501
Point 896
5600, 4150
Point 897
6414, 8587
Point 898
9121, 1816
Point 899
2708, 1083
Point 900
3678, 1869
Point 901
8593, 2300
Point 902
3006, 6616
Point 903
4474, 9949
Point 904
5136, 1755
Point 905
7997, 2373
Point 906
7621, 4139
Point 907
4699, 7185
Point 908
9869, 8645
Point 909
2372, 9575
Point 910
6303, 5113
Point 911
1393, 2501
Point 912
6856, 7618
Point 913
8781, 1177
Point 914
1984, 9
Point 915
1994, 9889
Point 916
7775, 3622
Point 917
9620, 9977
Point 918
3056, 5315
Point 919
9998, 4052
Point 920
4412, 6600
Point 921
5566, 2981
Point 922
6953, 7522
Point 923
249, 8995
Point 924
8354, 2156
Point 925
9561, 391
Point 926
1189, 6116
Point 927
8269, 713
Point 928
3928, 313
Point 929
8434, 8087
Point 930
4072, 9347
Point 931
1447, 8374
Point 932
7871, 7377
Point 933
1262, 9249
Point 934
9824, 9087
Point 935
2472, 923
Point 936
1710, 8473
Point 937
6073, 3288
Point 938
5335, 3544
Point 939
7830, 8509
Point 940
5314, 775
Point 941
8986, 2755
Point 942
8269, 9147
Point 943
6741, 664
Point 944
2617, 9975
Point 945
2399, 1387
Point 946
8762, 5356
Point 947
8372, 5632
Point 948
2968, 5027
Point 949
1325, 8954
Point 950
9423, 8725
Point 951
7690, 7778
Point 952
4097, 8706
Point 953
9465, 1074
Point 954
880, 4976
Point 955
2791, 2472
Point 956
5167, 4031
Point 957
9136, 4658
Point 958
2587, 390
Point 959
9075, 386
Point 960
889, 9070
Point 961
1653, 2147
Point 962
1119, 6296
Point 963
8099, 5595
Point 964
190, 5186
Point 965
7250, 217
Point 966
693, 2957
Point 967
1483, 4409
Point 968
5382, 6253
Point 969
6167, 1092
Point 970
3124, 1625
Point 971
2692, 4351
Point 972
342, 8883
Point 973
4982, 7155
Point 974
6953, 6076
Point 975
2073, 5185
Point 976
8649, 6205
Point 977
4804, 2007
Point 978
7980, 7391
Point 979
2978, 6420
Point 980
5182, 231
Point 981
423, 3640
Point 982
5910, 8293
Point 983
9341, 8196
Point 984
7135, 353
Point 985
2018, 7887
Point 986
4354, 5814
Point 987
7545, 4965
Point 988
2929, 8008
Point 989
3527, 2820
Point 990
3911, 3587
Point 991
7941, 3892
Point 992
15, 43
Point 993
4276, 7250
Point 994
544, 7557
Point 995
3869, 2375
Point 996
5017, 5838
Point 997
2979, 9003
Point 998
3996, 1386
Point 999
8530, 1614
Point 1000
2215, 5701
