Point 1
9331, 7446
Point 2
2871, 6016
Point 3
2673, 2182
Point 4
6704, 9533
Point 5
4450, 589
Point 6
5015, 2941
Point 7
7233, 4024
Point 8
6066, 8066
Point 9
1774, 8737
Point 10
2827, 8008
Point 11
4315, 4173
Point 12
6705, 1671
Point 13
5901, 9825
Point 14
2162, 2709
Point 15
9853, 4672
Point 16
1272, 5495
Point 17
9746, 1411
Point 18
532, 7182
Point 19
3057, 4937
Point 20
7053, 5449
Point 21
4971, 804
Point 22
7632, 6110
Point 23
2743, 4797
Point 24
2152, 3375
Point 25
3499, 9119
Point 26
2238, 8305
Point 27
7361, 4235
Point 28
7204, 7724
Point 29
3431, 7919
Point 30
1903, 6719
Point 31
8256, 4700
Point 32
5309, 2722
Point 33
5185, 9546
Point 34
4424, 8147
Point 35
8262, 9378
Point 36
5376, 1549
Point 37
6177, 4803
Point 38
2499, 4379
Point 39
182, 2307
Point 40
6586, 1525
Point 41
4868, 4094
Point 42
5534, 9055
Point 43
2225, 8710
Point 44
4155, 1828
Point 45
7491, 676
Point 46
5044, 6991
Point 47
9983, 1439
Point 48
9109, 6739
Point 49
3286, 7137
Point 50
2590, 5219
Point 51
7001, 906
Point 52
7242, 9918
Point 53
6557, 8753
Point 54
1696, 7510
Point 55
8529, 8391
Point 56
4982, 7738
Point 57
6373, 9838
Point 58
7696, 6638
Point 59
5502, 5095
Point 60
2332, 2167
Point 61
7239, 1730
Point 62
1959, 1131
Point 63
8349, 1844
Point 64
5602, 6205
Point 65
6544, 3546
Point 66
9421, 5781
Point 67
2672, 6802
Point 68
5120, 7408
Point 69
7120, 9333
Point 70
891, 7667
Point 71
1385, 1092
Point 72
5611, 7467
Point 73
5729, 7756
Point 74
4063, 1937
Point 75
375, 4707
Point 76
9451, 8392
Point 77
789, 2946
Point 78
9679, 4131
Point 79
7255, 7583
Point 80
5481, 8277
Point 81
5173, 7646
Point 82
1800, 8269
Point 83
5285, 3231
Point 84
8588, 2169
Point 85
2393, 2298
Point 86
3610, 2505
Point 87
7024, 4794
Point 88
7731, 6046
Point 89
6988, 6177
Point 90
2722, 6557
Point 91
4787, 5935
Point 92
2627, 4411
Point 93
2446, 9234
Point 94
2414, 7712
Point 95
7482, 1412
Point 96
1777, 4511
Point 97
2466, 5766
Point 98
7744, 4638
Point 99
5885, 4746
Point 100
7035, 2685
Point 101
3895, 3543
Point 102
7999, 773
Point 103
935, 2847
Point 104
2415, 856
Point 105
2149, 4535
Point 106
9406, 1544
Point 107
2116, 9996
Point 108
7326, 3668
Point 109
2444, 5865
Point 110
4566, 2172
Point 111
5493, 6054
Point 112
6939, 9276
Point 113
2657, 2122
Point 114
7550, 5332
Point 115
3475, 6288
Point 116
4869, 9307
Point 117
6135, 2667
Point 118
6099, 406
Point 119
878, 2690
Point 120
5885, 5982
Point 121
5273, 67
Point 122
4884, 8609
Point 123
4347, 9180
Point 124
8823, 6927
Point 125
9185, 8286
Point 126
6252, 732
Point 127
4730, 5574
Point 128
2417, 660
Point 129
1284, 1767
Point 130
7430, 6758
Point 131
4443, 7688
Point 132
9219, 8283
Point 133
5089, 9042
Point 134
5606, 9119
Point 135
4428, 3483
Point 136
5338, 9367
Point 137
9087, 6999
Point 138
4851, 3849
Point 139
7750, 7610
Point 140
6155, 2555
Point 141
3969, 4430
Point 142
1318, 6380
Point 143
9415, 9257
Point 144
740, 3878
Point 145
8046, 6020
Point 146
5663, 1256
Point 147
4482, 670
Point 148
144, 8294
Point 149
9191, 371
Point 150
4144, 7509
Point 151
9028, 6231
Point 152
7280, 2473
Point 153
4105, 8231
Point 154
2326, 3962
Point 155
1047, 4486
Point 156
8577, 9307
Point 157
8235, 9538
Point 158
7855, 1215
Point 159
845, 7986
Point 160
98, 7179
Point 161
2169, 414
Point 162
1229, 9566
Point 163
3014, 8351
Point 164
3334, 9489
Point 165
2821, 3755
Point 166
6028, 4643
Point 167
4532, 6414
Point 168
8355, 2441
Point 169
231, 9536
Point 170
2540, 4976
Point 171
6092, 9842
Point 172
4516, 1606
Point 173
3297, 3465
Point 174
1222, 8298
Point 175
6198, 3115
Point 176
1418, 258
Point 177
265, 5130
Point 178
4957, 5806
Point 179
117, 7244
Point 180
5317, 5013
Point 181
2285, 9261
Point 182
1538, 6160
Point 183
8261, 9107
Point 184
8670, 6746
Point 185
873, 6240
Point 186
330, 3463
Point 187
1044, 2798
Point 188
3027, 7328
Point 189
2579, 500
Point 190
9560, 5994
Point 191
9822, 7854
Point 192
7951, 5161
Point 193
6693, 7939
Point 194
3168, 4934
Point 195
5948, 1763
Point 196
1166, 5043
Point 197
4308, 5979
Point 198
8680, 4862
Point 199
2544, 6618
Point 200
7635, 356
Point 201
9558, 2417
Point 202
33, 263
Point 203
6036, 2308
Point 204
7750, 8086
Point 205
6351, 1681
Point 206
1807, 4819
Point 207
7042, 1135
Point 208
7343, 9693
Point 209
6422, 9640
Point 210
3812, 2726
Point 211
2663, 1218
Point 212
4699, 3324
Point 213
7016, 594
Point 214
7457, 3814
Point 215
4775, 8603
Point 216
2283, 5392
Point 217
9037, 2577
Point 218
7875, 6703
Point 219
1356, 418
Point 220
3362, 2014
Point 221
8968, 9604
Point 222
8223, 6782
Point 223
454, 3997
Point 224
6224, 3329
Point 225
391, 2001
Point 226
5116, 8242
Point 227
8846, 9325
Point 228
1189, 6197
Point 229
3424, 8447
Point 230
6636, 1935
Point 231
9954, 4702
Point 232
8106, 3283
Point 233
2901, 5856
Point 234
6870, 3320
Point 235
8113, 8012
Point 236
4531, 9044
Point 237
8602, 5744
Point 238
3400, 7239
Point 239
8729, 8463
Point 240
7282, 5620
Point 241
3370, 8198
Point 242
6724, 8799
Point 243
6429, 6200
Point 244
2568, 4136
Point 245
7424, 7097
Point 246
3016, 2099
Point 247
5744, 9662
Point 248
2386, 9428
Point 249
9691, 2704
Point 250
4204, 1078
Point 251
1418, 3066
Point 252
7377, 8698
Point 253
9483, 264
Point 254
1785, 9230
Point 255
7905, 8911
Point 256
8845, 7100
Point 257
4323, 5753
Point 258
3342, 7441
Point 259
118, 2869
Point 260
5129, 5778
Point 261
2265, 2392
Point 262
3195, 1726
Point 263
10, 964
Point 264
18, 352
Point 265
9509, 4075
Point 266
1135, 5094
Point 267
6054, 1403
Point 268
3420, 365
Point 269
6631, 4334
Point 270
5693, 328
Point 271
5191, 5955
Point 272
6963, 2698
Point 273
9267, 1975
Point 274
877, 2910
Point 275
9317, 8263
Point 276
9735, 4461
Point 277
1549, 7026
Point 278
7836, 5880
Point 279
878, 8951
Point 280
1848, 3364
Point 281
3128, 3118
Point 282
5382, 854
Point 283
4651, 9939
Point 284
6041, 6087
Point 285
3097, 4941
Point 286
5828, 1987
Point 287
5264, 2825
Point 288
9985, 7644
Point 289
6637, 1899
Point 290
5083, 2116
Point 291
2549, 8724
Point 292
4521, 7251
Point 293
2709, 1609
Point 294
8439, 2864
Point 295
9277, 9454
Point 296
5500, 8714
Point 297
3608, 9365
Point 298
6018, 2934
Point 299
8357, 2442
Point 300
9433, 5841
Point 301
9694, 2208
Point 302
4302, 1384
Point 303
9066, 4236
Point 304
5640, 5876
Point 305
5142, 8726
Point 306
2700, 5110
Point 307
4383, 5
Point 308
103, 6481
Point 309
3000, 8229
Point 310
6603, 2318
Point 311
3989, 8921
Point 312
8704, 4257
Point 313
400, 5420
Point 314
863, 6226
Point 315
17, 7778
Point 316
57, 5322
Point 317
7239, 9205
Point 318
145, 5769
Point 319
5109, 7771
Point 320
618, 951
Point 321
4132, 6761
Point 322
5100, 2551
Point 323
4857, 1775
Point 324
7278, 3781
Point 325
7981, 6516
Point 326
5799, 5809
Point 327
9201, 2039
Point 328
5130, 2604
Point 329
5966, 6149
Point 330
6377, 9649
Point 331
9843, 666
Point 332
600, 6228
Point 333
1285, 4264
Point 334
7333, 9304
Point 335
3265, 7758
Point 336
2650, 9449
Point 337
6455, 6855
Point 338
4429, 5678
Point 339
1401, 4615
Point 340
7234, 6612
Point 341
2507, 2210
Point 342
5633, 9935
Point 343
4549, 1868
Point 344
2714, 783
Point 345
4882, 371
Point 346
50, 2382
Point 347
3589, 4929
Point 348
6426, 9040
Point 349
9357, 5795
Point 350
5296, 2417
Point 351
1073, 1644
Point 352
5087, 6887
Point 353
3820, 4340
Point 354
2247, 8784
Point 355
3260, 9528
Point 356
4250, 7297
Point 357
4212, 8220
Point 358
8616, 1912
Point 359
7671, 2462
Point 360
4492, 2399
Point 361
5455, 5045
Point 362
5298, 2573
Point 363
3224, 9245
Point 364
4532, 8310
Point 365
693, 9600
Point 366
1943, 3640
Point 367
2532, 8872
Point 368
3980, 6123
Point 369
4660, 9475
Point 370
674, 4183
Point 371
8422, 9933
Point 372
906, 4560
Point 373
9495, 8192
Point 374
9432, 7677
Point 375
9255, 3999
Point 376
1927, 2291
Point 377
3833, 1960
Point 378
8856, 8568
Point 379
108, 5402
Point 380
5006, 439
Point 381
8477, 8686
Point 382
9174, 3960
Point 383
9404, 2261
Point 384
7663, 8265
Point 385
4489, 378
Point 386
6030, 9680
Point 387
3037, 6172
Point 388
5786, 7552
Point 389
2007, 2574
Point 390
6704, 2478
Point 391
584, 408
Point 392
741, 3689
Point 393
613, 6927
Point 394
665, 2627
Point 395
663, 9047
Point 396
4979, 3964
Point 397
4573, 5581
Point 398
901, 3663
Point 399
5010, 1881
Point 400
8829, 6080
Point 401
8768, 8472
Point 402
4977, 8545
Point 403
3343, 2511
Point 404
3682, 2391
Point 405
3638, 7177
Point 406
7262, 3975
Point 407
3592, 9493
Point 408
9244, 7873
Point 409
9959, 1463
Point 410
6271, 7147
Point 411
4549, 2940
Point 412
5080, 2339
Point 413
6768, 7148
Point 414
3565, 1680
Point 415
528, 1429
Point 416
9112, 9901
Point 417
8263, 6420
Point 418
3167, 1982
Point 419
89, 6640
Point 420
8299, 1188
Point 421
8003, 4245
Point 422
2912, 7829
Point 423
3404, 5565
Point 424
9165, 6331
Point 425
1207, 6988
Point 426
1713, 3382
Point 427
5336, 2703
Point 428
8394, 9219
Point 429
8501, 1899
Point 430
9154, 7429
Point 431
3797, 7109
Point 432
6168, 6036
Point 433
6909, 8567
Point 434
6377, 4101
Point 435
5461, 1679
Point 436
7464, 3588
Point 437
6426, 6011
Point 438
9701, 5806
Point 439
3394, 4563
Point 440
8981, 5419
Point 441
2979, 1508
Point 442
919, 2663
Point 443
3680, 5076
Point 444
1913, 6244
Point 445
1105, 9809
Point 446
716, 5169
Point 447
611, 9004
Point 448
3253, 7677
Point 449
2169, 3878
Point 450
4156, 9386
Point 451
2503, 675
Point 452
827, 796
Point 453
6432, 772
Point 454
9687, 6366
Point 455
2726, 1686
Point 456
9748, 3517
Point 457
9794, 8805
Point 458
5597, 120
Point 459
2996, 8666
Point 460
496, 3320
Point 461
8540, 4633
Point 462
385, 838
Point 463
8518, 4960
Point 464
1305, 8307
Point 465
7896, 1379
Point 466
5970, 2666
Point 467
7043, 3607
Point 468
65, 2116
Point 469
2725, 1445
Point 470
5205, 7762
Point 471
6408, 1517
Point 472
3430, 687
Point 473
1180, 133
Point 474
7627, 902
Point 475
7629, 7200
Point 476
3319, 1405
Point 477
4630, 8718
Point 478
9890, 1400
Point 479
3121, 6955
Point 480
3522, 7608
Point 481
9695, 8094
Point 482
9836, 1591
Point 483
2115, 6888
Point 484
1594, 3980
Point 485
684, 6634
Point 486
5636, 3633
Point 487
7839, 653
Point 488
3730, 833
Point 489
3284, 8399
Point 490
3953, 8898
Point 491
3533, 5276
Point 492
2833, 7791
Point 493
2802, 318
Point 494
3580, 6695
Point 495
6877, 9982
Point 496
2445, 9870
Point 497
2784, 9486
Point 498
3475, 1594
Point 499
4884, 5366
Point 500
1765, 1484
Point 501
2341, 4196
Point 502
6673, 1103
Point 503
3856, 2826
Point 504
9421, 6359
Point 505
2987, 4856
Point 506
3980, 7957
Point 507
1442, 6617
Point 508
6219, 3885
Point 509
8317, 3409
Point 510
3934, 3780
Point 511
393, 3424
Point 512
9535, 4900
Point 513
2356, 2398
Point 514
7947, 3370
Point 515
6070, 6824
Point 516
4576, 2420
Point 517
4873, 7305
Point 518
2089, 1375
Point 519
2287, 6536
Point 520
174, 5326
Point 521
4507, 8295
Point 522
9460, 5611
Point 523
2542, 4820
Point 524
9343, 5496
Point 525
3011, 2
Point 526
9587, 3778
Point 527
6227, 4929
Point 528
7256, 1426
Point 529
6438, 490
Point 530
3795, 2841
Point 531
1871, 8989
Point 532
1873, 3810
Point 533
1583, 3015
Point 534
8006, 2827
Point 535
1996, 5178
Point 536
4889, 1109
Point 537
8521, 6730
Point 538
6890, 9291
Point 539
6649, 6611
Point 540
3209, 5616
Point 541
2530, 4960
Point 542
5839, 1220
Point 543
5188, 6792
Point 544
3652, 3012
Point 545
1254, 2178
Point 546
9693, 3631
Point 547
8388, 9023
Point 548
6060, 935
Point 549
5392, 3325
Point 550
9661, 6608
Point 551
5434, 9662
Point 552
2524, 4560
Point 553
3767, 1592
Point 554
2401, 5052
Point 555
2879, 7596
Point 556
2918, 9704
Point 557
6066, 3310
Point 558
7680, 5895
Point 559
5131, 4825
Point 560
9430, 6461
Point 561
9088, 1077
Point 562
3579, 2031
Point 563
8547, 5537
Point 564
5297, 8876
Point 565
4823, 8743
Point 566
674, 4731
Point 567
3686, 3549
Point 568
5429, 8660
Point 569
1163, 4411
Point 570
9154, 8794
Point 571
2824, 511
Point 572
9118, 3467
Point 573
8591, 59
Point 574
5303, 7193
Point 575
2260, 9741
Point 576
7536, 2725
Point 577
8642, 8936
Point 578
6306, 4476
Point 579
1523, 3083
Point 580
1211, 6541
Point 581
2484, 4354
Point 582
4815, 673
Point 583
4023, 671
Point 584
5170, 5684
Point 585
413, 6017
Point 586
7229, 9978
Point 587
6226, 5977
Point 588
1964, 3148
Point 589
5598, 2508
Point 590
2123, 951
Point 591
4923, 1024
Point 592
5241, 312
Point 593
7900, 1081
Point 594
7782, 7512
Point 595
4668, 9161
Point 596
9097, 3201
Point 597
6060, 8378
Point 598
274, 2469
Point 599
9948, 5262
Point 600
866, 6853
Point 601
9118, 8217
Point 602
6020, 7851
Point 603
9149, 5748
Point 604
7571, 8304
Point 605
336, 5065
Point 606
5295, 8799
Point 607
9913, 3313
Point 608
8717, 1196
Point 609
9486, 4352
Point 610
5610, 268
Point 611
7929, 3720
Point 612
628, 7520
Point 613
1797, 3241
Point 614
6425, 8306
Point 615
3743, 4581
Point 616
11, 4494
Point 617
4394, 7994
Point 618
9127, 168
Point 619
4655, 8469
Point 620
6968, 7091
Point 621
3543, 6562
Point 622
8729, 7
Point 623
1268, 5273
Point 624
118, 9225
Point 625
8531, 7545
Point 626
6234, 9425
Point 627
775, 1162
Point 628
9054, 9094
Point 629
485, 9135
Point 630
3096, 4621
Point 631
1525, 4046
Point 632
1812, 6702
Point 633
6974, 4191
Point 634
1747, 4405
Point 635
5976, 7922
Point 636
7554, 4050
Point 637
5685, 69
Point 638
8613, 5827
Point 639
1568, 976
Point 640
7157, 1027
Point 641
3028, 4350
Point 642
8579, 6689
Point 643
1619, 4837
Point 644
6912, 2478
Point 645
5951, 85
Point 646
2336, 6696
Point 647
787, 4852
Point 648
3015, 4492
Point 649
7827, 6703
Point 650
570, 1490
Point 651
2189, 3780
Point 652
7055, 387
Point 653
1694, 5206
Point 654
1426, 6343
Point 655
5733, 3777
Point 656
5194, 9421
Point 657
6697, 8788
Point 658
196, 8762
Point 659
9745, 4054
Point 660
6229, 3723
Point 661
6039, 2510
Point 662
2683, 1753
Point 663
451, 4105
Point 664
6233, 1462
Point 665
7266, 8165
Point 666
6168, 2014
Point 667
6389, 4860
Point 668
9975, 6755
Point 669
8199, 2959
Point 670
4454, 9815
Point 671
7324, 2687
Point 672
1808, 9323
Point 673
4346, 3155
Point 674
5903, 9809
Point 675
9730, 3578
Point 676
1227, 9408
Point 677
6100, 6293
Point 678
5930, 4549
Point 679
3417, 7445
Point 680
782, 5950
Point 681
6559, 8143
Point 682
7890, 4960
Point 683
6365, 4875
Point 684
6555, 8542
Point 685
3269, 2998
Point 686
8815, 4524
Point 687
7340, 1257
Point 688
3881, 6156
Point 689
9732, 8459
Point 690
8928, 6431
Point 691
8365, 5632
Point 692
3529, 8174
Point 693
4978, 8341
Point 694
6394, 5475
Point 695
1609, 4175
Point 696
6007, 5691
Point 697
2041, 9822
Point 698
1253, 8919
Point 699
7769, 685
Point 700
4225, 3649
Point 701
8644, 3483
Point 702
4969, 3117
Point 703
5519, 8950
Point 704
7178, 6758
Point 705
5921, 7360
Point 706
4550, 5139
Point 707
4084, 4398
Point 708
9861, 4755
Point 709
3493, 8651
Point 710
2685, 1149
Point 711
3526, 4888
Point 712
7111, 4976
Point 713
1726, 9197
Point 714
7837, 5809
Point 715
9796, 3046
Point 716
1563, 2778
Point 717
4474, 3388
Point 718
739, 9457
Point 719
4134, 5019
Point 720
8425, 2788
Point 721
8152, 9609
Point 722
6245, 2318
Point 723
8885, 3024
Point 724
2264, 6514
Point 725
5434, 8873
Point 726
1970, 7512
Point 727
4292, 1591
Point 728
3489, 4311
Point 729
4417, 6759
Point 730
7673, 7102
Point 731
3352, 9870
Point 732
4744, 2212
Point 733
6554, 7308
Point 734
1829, 7962
Point 735
4295, 4884
Point 736
9892, 6636
Point 737
9196, 9988
Point 738
4327, 6704
Point 739
2752, 3120
Point 740
791, 2475
Point 741
1038, 3377
Point 742
6742, 5423
Point 743
8201, 337
Point 744
9556, 2572
Point 745
1318, 1689
Point 746
4141, 2539
Point 747
1733, 1969
Point 748
6502, 9098
Point 749
6062, 2777
Point 750
4841, 5458
Point 751
4745, 9009
Point 752
6471, 9832
Point 753
7218, 8747
Point 754
7087, 4349
Point 755
585, 6763
Point 756
8717, 4856
Point 757
2981, 2816
Point 758
4090, 8759
Point 759
3769, 6346
Point 760
8075, 1669
Point 761
147, 8546
Point 762
1358, 1353
Point 763
3796, 1309
Point 764
7580, 9233
Point 765
1794, 84
Point 766
2789, 5518
Point 767
3159, 4280
Point 768
5255, 3953
Point 769
6139, 4550
Point 770
4443, 6096
Point 771
1616, 1000
Point 772
242, 3101
Point 773
4863, 191
Point 774
7462, 5003
Point 775
1283, 1638
Point 776
5991, 3698
Point 777
1742, 6454
Point 778
4075, 5990
Point 779
9631, 1767
Point 780
688, 7344
Point 781
4899, 4583
Point 782
3125, 5313
Point 783
9947, 7881
Point 784
7623, 4030
Point 785
8497, 9905
Point 786
4075, 7550
Point 787
1339, 4846
Point 788
699, 418
Point 789
2194, 9415
Point 790
938, 8347
Point 791
2848, 5155
Point 792
2760, 603
Point 793
9181, 794
Point 794
65, 8330
Point 795
8740, 2374
Point 796
6954, 9872
Point 797
6120, 1509
Point 798
8247, 4954
Point 799
4546, 3670
Point 800
3815, 4459
Point 801
807, 9113
Point 802
73, 1545
Point 803
5930, 8791
Point 804
9254, 2804
Point 805
5880, 6375
Point 806
5993, 5285
Point 807
4936, 5391
Point 808
1176, 6334
Point 809
9383, 7393
Point 810
5018, 8404
Point 811
706, 3076
Point 812
4886, 260
Point 813
5524, 3297
Point 814
8523, 9339
Point 815
4226, 1058
Point 816
12, 7408
Point 817
1425, 8700
Point 818
4077, 3117
Point 819
9173, 6796
Point 820
4117, 587
Point 821
8211, 2502
Point 822
767, 2707
Point 823
3434, 5517
Point 824
705, 1503
Point 825
7230, 9212
Point 826
9935, 5620
Point 827
8369, 2979
Point 828
1821, 6727
Point 829
4744, 9390
Point 830
7807, 2501
Point 831
5382, 6383
Point 832
7922, 3724
Point 833
907, 360
Point 834
8920, 6975
Point 835
1884, 802
Point 836
241, 2453
Point 837
1346, 833
Point 838
1830, 8496
Point 839
1199, 1010
Point 840
3314, 544
Point 841
2168, 5540
Point 842
1018, 2481
Point 843
3500, 1105
Point 844
7881, 2559
Point 845
1712, 8555
Point 846
1456, 4450
Point 847
7338, 6792
Point 848
6853, 6342
Point 849
4871, 6396
Point 850
4771, 7470
Point 851
3832, 7725
Point 852
9533, 1983
Point 853
8300, 4571
Point 854
8455, 4627
Point 855
8097, 9779
Point 856
1798, 1373
Point 857
7326, 3676
Point 858
2062, 805
Point 859
4975, 9643
Point 860
2432, 8888
Point 861
7896, 3701
Point 862
6846, 519
Point 863
8644, 6613
Point 864
8297, 6195
Point 865
9359, 7654
Point 866
7776, 1068
Point 867
8166, 8963
Point 868
3554, 6682
Point 869
6428, 8156
Point 870
9378, 2756
Point 871
3559, 4789
Point 872
616, 7539
Point 873
1125, 3125
Point 874
9351, 448
Point 875
9447, 9699
Point 876
3034, 9980
Point 877
8038, 9191
Point 878
6394, 3214
Point 879
5874, 6232
Point 880
3009, 619
Point 881
8697, 3968
Point 882
1204, 1320
Point 883
8338, 2395
Point 884
8728, 9518
Point 885
3415, 827
Point 886
2074, 2321
Point 887
1628, 9195
Point 888
9215, 2893
Point 889
1388, 2284
Point 890
9048, 523
Point 891
4521, 9552
Point 892
6900, 1010
Point 893
2386, 654
Point 894
3071, 6555
Point 895
4926, 3476
Point 896
588, 4264
Point 897
5857, 7097
Point 898
9086, 6331
Point 899
7526, 6886
Point 900
4045, 2950
Point 901
5761, 2686
Point 902
4517, 1137
Point 903
8507, 3961
Point 904
7864, 8736
Point 905
1952, 7633
Point 906
7088, 3120
Point 907
4429, 5401
Point 908
4847, 8355
Point 909
1438, 7305
Point 910
8422, 2923
Point 911
4820, 7481
Point 912
1556, 2501
Point 913
5321, 6164
Point 914
2358, 8731
Point 915
558, 9284
Point 916
1265, 5463
Point 917
9766, 3262
Point 918
9451, 8488
Point 919
2608, 7993
Point 920
5984, 3484
Point 921
1781, 5424
Point 922
1572, 9529
Point 923
8202, 4621
Point 924
7757, 2367
Point 925
3168, 6755
Point 926
3083, 2406
Point 927
3999, 5077
Point 928
1938, 7328
Point 929
8437, 5597
Point 930
7508, 8151
Point 931
8335, 3929
Point 932
7628, 602
Point 933
5016, 2576
Point 934
1158, 728
Point 935
7103, 762
Point 936
2974, 4823
Point 937
6573, 5870
Point 938
7656, 8959
Point 939
344, 1514
Point 940
5525, 2667
Point 941
2772, 2326
Point 942
9800, 4647
Point 943
9123, 9661
Point 944
342, 5783
Point 945
1284, 5566
Point 946
7712, 6183
Point 947
4760, 4647
Point 948
1052, 8505
Point 949
374, 4706
Point 950
4726, 9373
Point 951
4968, 7434
Point 952
1547, 4368
Point 953
2878, 9835
Point 954
4949, 9759
Point 955
4007, 5558
Point 956
8521, 5919
Point 957
4898, 2868
Point 958
8942, 3186
Point 959
6375, 2572
Point 960
7542, 849
Point 961
5032, 4926
Point 962
6480, 3863
Point 963
6152, 9257
Point 964
7843, 9936
Point 965
2460, 3851
Point 966
7814, 1698
Point 967
6538, 6495
Point 968
3555, 4821
Point 969
4704, 8022
Point 970
7399, 3140
Point 971
6664, 2165
Point 972
1540, 6118
Point 973
8386, 5071
Point 974
6526, 2305
Point 975
5251, 6974
Point 976
8552, 4862
Point 977
8805, 6653
Point 978
3801, 1632
Point 979
3181, 6575
Point 980
2900, 2816
Point 981
6640, 2896
Point 982
4922, 3833
Point 983
9550, 9877
Point 984
8323, 9631
Point 985
2629, 2667
Point 986
5693, 9394
Point 987
8284, 5926
Point 988
259, 7372
Point 989
3503, 8280
Point 990
4727, 6380
Point 991
4868, 4228
Point 992
7213, 5421
Point 993
5039, 5786
Point 994
4780, 1812
Point 995
5283, 5907
Point 996
2417, 1261
Point 997
515, 4475
Point 998
4156, 6358
Point 999
1697, 5589
Point 1000
3476, 5148
Point 1001
5414, 1722
Point 1002
2142, 6614
Point 1003
2003, 6368
Point 1004
191, 9185
Point 1005
1677, 1810
Point 1006
4901, 1721
Point 1007
2756, 2769
Point 1008
3268, 3794
Point 1009
7348, 9866
Point 1010
785, 3575
Point 1011
7588, 9063
Point 1012
9092, 7110
Point 1013
9903, 4538
Point 1014
6500, 2398
Point 1015
5671, 2840
Point 1016
8271, 5287
Point 1017
4114, 5549
Point 1018
8080, 1918
Point 1019
7301, 6204
Point 1020
8143, 4242
Point 1021
7738, 4760
Point 1022
3099, 917
Point 1023
6159, 9486
Point 1024
1946, 5830
Point 1025
880, 1873
Point 1026
3087, 413
Point 1027
343, 4847
Point 1028
9828, 3962
Point 1029
7328, 8411
Point 1030
7579, 8222
Point 1031
6719, 9666
Point 1032
9425, 8680
Point 1033
8688, 6108
Point 1034
3753, 5167
Point 1035
5673, 2085
Point 1036
6169, 8689
Point 1037
4651, 8327
Point 1038
8087, 9688
Point 1039
5836, 3597
Point 1040
6036, 5362
Point 1041
5184, 5667
Point 1042
9004, 111
Point 1043
838, 6069
Point 1044
5941, 3707
Point 1045
3004, 9367
Point 1046
1929, 6334
Point 1047
2685, 3061
Point 1048
9450, 8338
Point 1049
7113, 8646
Point 1050
711, 5186
Point 1051
8807, 7851
Point 1052
8022, 4919
Point 1053
752, 622
Point 1054
1862, 6224
Point 1055
2355, 3027
Point 1056
475, 118
Point 1057
9567, 3931
Point 1058
544, 7216
Point 1059
7824, 9040
Point 1060
5865, 5561
Point 1061
8326, 9683
Point 1062
9762, 1072
Point 1063
6564, 1599
Point 1064
7475, 3811
Point 1065
6992, 5887
Point 1066
6705, 8485
Point 1067
9253, 286
Point 1068
8115, 6853
Point 1069
9488, 3984
Point 1070
2673, 3034
Point 1071
4898, 3282
Point 1072
9422, 130
Point 1073
956, 8605
Point 1074
5547, 8006
Point 1075
8443, 5578
Point 1076
354, 7598
Point 1077
1849, 4211
Point 1078
6240, 6703
Point 1079
1547, 565
Point 1080
2584, 5839
Point 1081
9667, 4724
Point 1082
3074, 482
Point 1083
3599, 7368
Point 1084
2975, 7726
Point 1085
1648, 4791
Point 1086
531, 1292
Point 1087
2554, 8830
Point 1088
5842, 8642
Point 1089
4260, 3826
Point 1090
1325, 7966
Point 1091
7650, 7508
Point 1092
193, 783
Point 1093
7783, 6439
Point 1094
3233, 8018
Point 1095
8572, 9578
Point 1096
9642, 3520
Point 1097
6830, 5401
Point 1098
4640, 9217
Point 1099
8145, 9019
Point 1100
5191, 366
Point 1101
106, 5782
Point 1102
5236, 7680
Point 1103
8122, 6975
Point 1104
3581, 5516
Point 1105
5233, 1373
Point 1106
810, 1752
Point 1107
134, 3665
Point 1108
6395, 5504
Point 1109
6972, 7055
Point 1110
3596, 3429
Point 1111
6372, 2722
Point 1112
7624, 3960
Point 1113
9637, 3212
Point 1114
2104, 1583
Point 1115
7077, 360
Point 1116
9880, 9982
Point 1117
7049, 862
Point 1118
6887, 3738
Point 1119
4408, 4237
Point 1120
1953, 3142
Point 1121
5833, 8600
Point 1122
1191, 5667
Point 1123
4746, 9393
Point 1124
2914, 611
Point 1125
383, 5013
Point 1126
7929, 563
Point 1127
4025, 1169
Point 1128
450, 4434
Point 1129
312, 2683
Point 1130
6931, 2036
Point 1131
3141, 7464
Point 1132
3633, 9445
Point 1133
3721, 2425
Point 1134
8904, 7705
Point 1135
3022, 5224
Point 1136
2815, 4847
Point 1137
2084, 8879
Point 1138
5061, 2630
Point 1139
1419, 8553
Point 1140
1846, 4942
Point 1141
5094, 1099
Point 1142
3851, 4359
Point 1143
6001, 8311
Point 1144
311, 7045
Point 1145
6269, 4266
Point 1146
8751, 3824
Point 1147
816, 5602
Point 1148
5976, 7069
Point 1149
2655, 1163
Point 1150
3545, 8868
Point 1151
5682, 4015
Point 1152
148, 5799
Point 1153
4437, 4537
Point 1154
4056, 9646
Point 1155
595, 8019
Point 1156
1133, 1359
Point 1157
2778, 3990
Point 1158
7761, 7663
Point 1159
9713, 7382
Point 1160
3497, 5883
Point 1161
6713, 3525
Point 1162
5243, 2702
Point 1163
1987, 1
Point 1164
3320, 6899
Point 1165
2411, 8382
Point 1166
9920, 4407
Point 1167
8007, 8031
Point 1168
2137, 6422
Point 1169
632, 2299
Point 1170
5001, 7778
Point 1171
5147, 4682
Point 1172
4770, 3282
Point 1173
690, 8825
Point 1174
9112, 4325
Point 1175
5564, 1585
Point 1176
8734, 6680
Point 1177
1758, 2829
Point 1178
4536, 3156
Point 1179
4120, 9095
Point 1180
5421, 1489
Point 1181
4811, 818
Point 1182
4514, 8739
Point 1183
5820, 4418
Point 1184
5754, 8298
Point 1185
1058, 1224
Point 1186
8550, 4614
Point 1187
4805, 4955
Point 1188
5513, 3723
Point 1189
5155, 8266
Point 1190
7175, 4792
Point 1191
9495, 6726
Point 1192
8009, 8972
Point 1193
4036, 5538
Point 1194
97, 7123
Point 1195
938, 272
Point 1196
4332, 7190
Point 1197
4677, 7949
Point 1198
4200, 5367
Point 1199
3946, 8918
Point 1200
3835, 2580
Point 1201
6618, 3146
Point 1202
329, 9244
Point 1203
3076, 6769
Point 1204
76, 6817
Point 1205
7550, 6060
Point 1206
305, 4207
Point 1207
8037, 6330
Point 1208
9901, 753
Point 1209
2808, 2695
Point 1210
8121, 5212
Point 1211
5590, 8133
Point 1212
5860, 1928
Point 1213
2066, 1811
Point 1214
1760, 1222
Point 1215
7508, 7251
Point 1216
4659, 894
Point 1217
9085, 5615
Point 1218
4580, 9725
Point 1219
6670, 4080
Point 1220
6846, 1855
Point 1221
2796, 3110
Point 1222
7714, 3002
Point 1223
5858, 9278
Point 1224
5412, 5637
Point 1225
576, 2214
Point 1226
7431, 422
Point 1227
6329, 5240
Point 1228
3517, 5495
Point 1229
7008, 9311
Point 1230
3901, 3512
Point 1231
5730, 8988
Point 1232
4031, 8755
Point 1233
3968, 7332
Point 1234
301, 3057
Point 1235
7425, 3868
Point 1236
6078, 9819
Point 1237
340, 6033
Point 1238
3732, 9995
Point 1239
5811, 9928
Point 1240
6294, 2515
Point 1241
2195, 571
Point 1242
1864, 4368
Point 1243
4684, 5367
Point 1244
4983, 2322
Point 1245
6739, 7044
Point 1246
1770, 9064
Point 1247
8233, 3930
Point 1248
9862, 1470
Point 1249
5870, 6094
Point 1250
9892, 7646
Point 1251
6730, 5640
Point 1252
2609, 2415
Point 1253
7643, 8228
Point 1254
4582, 7987
Point 1255
1485, 743
Point 1256
5885, 7710
Point 1257
6482, 6992
Point 1258
5167, 5995
Point 1259
6133, 9255
Point 1260
1051, 6771
Point 1261
5440, 8606
Point 1262
3978, 6174
Point 1263
3834, 986
Point 1264
9247, 2546
Point 1265
6350, 9227
Point 1266
294, 8285
Point 1267
2448, 3434
Point 1268
1057, 3606
Point 1269
6166, 3441
Point 1270
7639, 1854
Point 1271
2251, 7421
Point 1272
2434, 9643
Point 1273
331, 141
Point 1274
8386, 2805
Point 1275
3279, 2862
Point 1276
7091, 913
Point 1277
6475, 4407
Point 1278
2112, 8950
Point 1279
1847, 9547
Point 1280
8046, 4602
Point 1281
4288, 6533
Point 1282
6635, 3614
Point 1283
8338, 317
Point 1284
3530, 3642
Point 1285
9857, 1827
Point 1286
3205, 9146
Point 1287
814, 6517
Point 1288
4933, 5982
Point 1289
5319, 7314
Point 1290
9765, 4575
Point 1291
1522, 8116
Point 1292
6999, 4815
Point 1293
7122, 3987
Point 1294
8753, 4157
Point 1295
5879, 3366
Point 1296
2966, 2773
Point 1297
8740, 5724
Point 1298
8370, 6099
Point 1299
5986, 5388
Point 1300
9829, 5600
Point 1301
6136, 8515
Point 1302
8773, 3182
Point 1303
3259, 5573
Point 1304
1445, 3307
Point 1305
6824, 6125
Point 1306
7133, 9575
Point 1307
7235, 6165
Point 1308
9657, 9319
Point 1309
5815, 831
Point 1310
7998, 566
Point 1311
131, 6931
Point 1312
6136, 621
Point 1313
4304, 362
Point 1314
7925, 4498
Point 1315
9220, 3285
Point 1316
152, 4410
Point 1317
9383, 4673
Point 1318
5796, 8645
Point 1319
1602, 5746
Point 1320
9939, 9263
Point 1321
5630, 8696
Point 1322
2796, 3294
Point 1323
8435, 3131
Point 1324
7881, 1328
Point 1325
1877, 9684
Point 1326
8472, 796
Point 1327
8195, 4348
Point 1328
2194, 8543
Point 1329
8981, 301
Point 1330
1837, 8835
Point 1331
1038, 6178
Point 1332
302, 8394
Point 1333
6922, 1075
Point 1334
8952, 9676
Point 1335
8837, 6932
Point 1336
1614, 7225
Point 1337
2043, 8345
Point 1338
935, 9656
Point 1339
7959, 8363
Point 1340
9887, 1590
Point 1341
7755, 6360
Point 1342
8849, 5662
Point 1343
4356, 711
Point 1344
7860, 4676
Point 1345
4534, 4625
Point 1346
4402, 7866
Point 1347
3035, 8278
Point 1348
9389, 3295
Point 1349
7511, 4159
Point 1350
7914, 476
Point 1351
6487, 5395
Point 1352
6735, 3448
Point 1353
2499, 8782
Point 1354
7494, 4746
Point 1355
9137, 5184
Point 1356
3233, 4977
Point 1357
3763, 66
Point 1358
5869, 1020
Point 1359
7385, 5985
Point 1360
4023, 8311
Point 1361
9351, 7085
Point 1362
3811, 9056
Point 1363
7319, 2838
Point 1364
39, 8813
Point 1365
2324, 4598
Point 1366
1618, 8394
Point 1367
4649, 3893
Point 1368
2956, 6732
Point 1369
8679, 5787
Point 1370
2575, 3025
Point 1371
3964, 4149
Point 1372
1285, 3273
Point 1373
5308, 8206
Point 1374
4854, 7114
Point 1375
6846, 1379
Point 1376
314, 5796
Point 1377
3806, 4044
Point 1378
798, 1044
Point 1379
942, 1650
Point 1380
1095, 7636
Point 1381
8441, 8361
Point 1382
5029, 9528
Point 1383
4549, 4306
Point 1384
6158, 576
Point 1385
9115, 1412
Point 1386
5328, 6053
Point 1387
3778, 8792
Point 1388
2167, 456
Point 1389
2637, 3705
Point 1390
2728, 419
Point 1391
1885, 8223
Point 1392
2194, 8945
Point 1393
8121, 4912
Point 1394
9779, 8617
Point 1395
2822, 7055
Point 1396
2825, 6974
Point 1397
4831, 279
Point 1398
8409, 6816
Point 1399
3584, 2761
Point 1400
3774, 7838
Point 1401
3308, 662
Point 1402
1346, 3710
Point 1403
2432, 3883
Point 1404
215, 477
Point 1405
3067, 4816
Point 1406
3535, 7988
Point 1407
2540, 9350
Point 1408
525, 5951
Point 1409
2724, 5085
Point 1410
2497, 180
Point 1411
3163, 6438
Point 1412
4624, 2595
Point 1413
843, 108
Point 1414
9084, 639
Point 1415
2876, 7261
Point 1416
618, 7894
Point 1417
8332, 685
Point 1418
2557, 7918
Point 1419
1964, 6174
Point 1420
9937, 7551
Point 1421
5720, 7439
Point 1422
6450, 4299
Point 1423
3528, 2965
Point 1424
3659, 4786
Point 1425
1116, 1389
Point 1426
4163, 7724
Point 1427
5384, 9232
Point 1428
5224, 5353
Point 1429
7185, 1093
Point 1430
5714, 1908
Point 1431
7319, 7811
Point 1432
7222, 6294
Point 1433
7952, 2467
Point 1434
9615, 8860
Point 1435
779, 7654
Point 1436
2463, 8932
Point 1437
8767, 9932
Point 1438
6308, 598
Point 1439
555, 9028
Point 1440
2011, 9118
Point 1441
5229, 16
Point 1442
2099, 9304
Point 1443
539, 6422
Point 1444
5393, 225
Point 1445
9419, 1037
Point 1446
5057, 7667
Point 1447
8124, 9045
Point 1448
657, 6922
Point 1449
4233, 5016
Point 1450
6797, 3699
Point 1451
4313, 1305
Point 1452
4501, 203
Point 1453
9155, 430
Point 1454
6609, 6750
Point 1455
9105, 8130
Point 1456
5144, 6711
Point 1457
3286, 6962
Point 1458
6881, 3999
Point 1459
4244, 2544
Point 1460
3144, 7843
Point 1461
3941, 5859
Point 1462
1240, 9184
Point 1463
7877, 5354
Point 1464
7870, 6652
Point 1465
1647, 2054
Point 1466
9388, 7804
Point 1467
8215, 9345
Point 1468
9797, 3053
Point 1469
4850, 6655
Point 1470
5047, 5575
Point 1471
5748, 2868
Point 1472
1345, 340
Point 1473
164, 970
Point 1474
5980, 9394
Point 1475
6099, 191
Point 1476
1442, 8528
Point 1477
6469, 5663
Point 1478
7524, 2549
Point 1479
8080, 8510
Point 1480
1512, 2510
Point 1481
3691, 1204
Point 1482
3581, 8463
Point 1483
4018, 3987
Point 1484
3083, 5566
Point 1485
9570, 8234
Point 1486
1518, 9706
Point 1487
1930, 1722
Point 1488
9709, 1196
Point 1489
257, 8970
Point 1490
9907, 1541
Point 1491
1611, 7010
Point 1492
8402, 8820
Point 1493
3032, 3300
Point 1494
572, 1768
Point 1495
9199, 7796
Point 1496
8265, 1329
Point 1497
1995, 5684
Point 1498
8867, 1113
Point 1499
7310, 690
Point 1500
6536, 5000
Point 1501
25, 1508
Point 1502
8645, 924
Point 1503
280, 5435
Point 1504
4717, 4792
Point 1505
2834, 4013
Point 1506
856, 7437
Point 1507
6620, 5207
Point 1508
0, 517
Point 1509
3451, 5434
Point 1510
7220, 4362
Point 1511
3222, 2634
Point 1512
9677, 1907
Point 1513
7935, 8492
Point 1514
2925, 8053
Point 1515
8412, 3908
Point 1516
8733, 3074
Point 1517
5646, 6855
Point 1518
4791, 2010
Point 1519
3401, 5886
Point 1520
3316, 9377
Point 1521
9902, 5716
Point 1522
3841, 9989
Point 1523
4221, 3547
Point 1524
5279, 2203
Point 1525
7331, 6106
Point 1526
3738, 9458
Point 1527
8697, 7705
Point 1528
5490, 9668
Point 1529
6740, 9097
Point 1530
9019, 9667
Point 1531
5550, 5344
Point 1532
6105, 3746
Point 1533
830, 8496
Point 1534
9578, 1088
Point 1535
5176, 7470
Point 1536
4499, 6839
Point 1537
6569, 3198
Point 1538
346, 5491
Point 1539
4189, 1860
Point 1540
4048, 3283
Point 1541
2542, 2799
Point 1542
7604, 8389
Point 1543
8288, 586
Point 1544
9470, 3817
Point 1545
4108, 2629
Point 1546
5886, 8147
Point 1547
530, 4702
Point 1548
6894, 3502
Point 1549
9671, 6815
Point 1550
1905, 8473
Point 1551
4562, 974
Point 1552
1385, 6116
Point 1553
3902, 522
Point 1554
4463, 3586
Point 1555
4902, 8038
Point 1556
7093, 518
Point 1557
6212, 5001
Point 1558
1768, 7787
Point 1559
8820, 1869
Point 1560
7734, 7001
Point 1561
5317, 1569
Point 1562
133, 3711
Point 1563
6908, 2939
Point 1564
7604, 4134
Point 1565
3198, 3171
Point 1566
466, 6014
Point 1567
1890, 9952
Point 1568
5801, 9102
Point 1569
4289, 4634
Point 1570
1535, 9747
Point 1571
7766, 7539
Point 1572
8877, 7054
Point 1573
8205, 5270
Point 1574
1421, 5179
Point 1575
3832, 7790
Point 1576
9587, 7466
Point 1577
6833, 9936
Point 1578
1126, 3324
Point 1579
669, 8015
Point 1580
1961, 8028
Point 1581
9110, 7212
Point 1582
6764, 8940
Point 1583
7666, 9606
Point 1584
5361, 9059
Point 1585
9304, 5800
Point 1586
9300, 239
Point 1587
4138, 5390
Point 1588
2751, 3960
Point 1589
7114, 2798
Point 1590
3261, 7084
Point 1591
8619, 5360
Point 1592
847, 3714
Point 1593
424, 9979
Point 1594
8386, 1922
Point 1595
3398, 3150
Point 1596
2364, 5943
Point 1597
4015, 6693
Point 1598
635, 209
Point 1599
3866, 8159
Point 1600
3043, 1521
Point 1601
63, 547
Point 1602
1533, 9595
Point 1603
4749, 688
Point 1604
8653, 4257
Point 1605
8745, 9479
Point 1606
7263, 9609
Point 1607
7789, 9984
Point 1608
9674, 1663
Point 1609
9773, 1363
Point 1610
1477, 6127
Point 1611
7954, 7568
Point 1612
3845, 7297
Point 1613
8164, 9784
Point 1614
8260, 7350
Point 1615
7738, 734
Point 1616
9275, 7703
Point 1617
89, 7104
Point 1618
4188, 583
Point 1619
1629, 3602
Point 1620
3319, 9455
Point 1621
7104, 8468
Point 1622
943, 1542
Point 1623
5305, 5597
Point 1624
4906, 4305
Point 1625
9583, 2866
Point 1626
2404, 471
Point 1627
6644, 9756
Point 1628
517, 2948
Point 1629
2686, 9892
Point 1630
2683, 1810
Point 1631
8100, 5732
Point 1632
6509, 413
Point 1633
673, 3340
Point 1634
4042, 6681
Point 1635
2531, 4874
Point 1636
2982, 8584
Point 1637
7880, 5249
Point 1638
6131, 9951
Point 1639
7039, 7283
Point 1640
6883, 3864
Point 1641
7195, 6557
Point 1642
501, 6119
Point 1643
1898, 3215
Point 1644
4535, 481
Point 1645
9331, 2970
Point 1646
6834, 799
Point 1647
4137, 3705
Point 1648
6305, 2455
Point 1649
8733, 7202
Point 1650
9836, 7043
Point 1651
7854, 7822
Point 1652
8582, 9726
Point 1653
4437, 1199
Point 1654
8233, 8275
Point 1655
5815, 6409
Point 1656
779, 6451
Point 1657
6697, 4497
Point 1658
9826, 2085
Point 1659
9440, 4706
Point 1660
7551, 1985
Point 1661
2696, 7335
Point 1662
9039, 1638
Point 1663
6704, 8737
Point 1664
8912, 7540
Point 1665
7177, 9658
Point 1666
5917, 3974
Point 1667
67, 2844
Point 1668
3468, 4051
Point 1669
6296, 9650
Point 1670
8001, 6927
Point 1671
8966, 8245
Point 1672
2435, 9230
Point 1673
5534, 7920
Point 1674
9052, 8954
Point 1675
3965, 5009
Point 1676
4663, 4343
Point 1677
4972, 5977
Point 1678
1044, 8603
Point 1679
2120, 2319
Point 1680
5344, 3695
Point 1681
7766, 133
Point 1682
8383, 2897
Point 1683
5634, 4414
Point 1684
3605, 2348
Point 1685
122, 4458
Point 1686
5802, 6383
Point 1687
8374, 2097
Point 1688
6684, 67
Point 1689
3620, 8927
Point 1690
3863, 5106
Point 1691
7311, 2174
Point 1692
877, 2010
Point 1693
3173, 1380
Point 1694
8527, 2270
Point 1695
8469, 9726
Point 1696
1961, 9169
Point 1697
6471, 4450
Point 1698
3725, 4826
Point 1699
9436, 592
Point 1700
278, 4061
Point 1701
3212, 1064
Point 1702
8382, 2779
Point 1703
3024, 3929
Point 1704
8186, 9695
Point 1705
4950, 4674
Point 1706
1841, 5434
Point 1707
9133, 7267
Point 1708
60, 2301
Point 1709
8874, 2835
Point 1710
4120, 1361
Point 1711
4399, 8896
Point 1712
7553, 841
Point 1713
1339, 5271
Point 1714
9967, 1337
Point 1715
1696, 5017
Point 1716
5298, 8819
Point 1717
9480, 58
Point 1718
8139, 6012
Point 1719
4054, 1495
Point 1720
4753, 6370
Point 1721
1713, 4061
Point 1722
9865, 2562
Point 1723
79, 2629
Point 1724
6392, 3167
Point 1725
448, 6249
Point 1726
2926, 7092
Point 1727
423, 1804
Point 1728
2916, 5132
Point 1729
2851, 5032
Point 1730
313, 2037
Point 1731
7401, 1419
Point 1732
8705, 470
Point 1733
7944, 3247
Point 1734
4884, 328
Point 1735
2298, 1961
Point 1736
3186, 3027
Point 1737
898, 6923
Point 1738
3997, 572
Point 1739
7458, 2624
Point 1740
8326, 3487
Point 1741
7805, 6467
Point 1742
534, 16
Point 1743
2713, 8339
Point 1744
2934, 1409
Point 1745
6785, 1388
Point 1746
9284, 4535
Point 1747
8231, 610
Point 1748
8976, 3616
Point 1749
3712, 2215
Point 1750
113, 7422
Point 1751
8342, 2035
Point 1752
7597, 6941
Point 1753
3411, 5718
Point 1754
1880, 1220
Point 1755
3421, 6894
Point 1756
5039, 5844
Point 1757
9623, 2081
Point 1758
3539, 9370
Point 1759
9402, 2685
Point 1760
1157, 7894
Point 1761
9577, 5148
Point 1762
1367, 6914
Point 1763
6976, 9996
Point 1764
5729, 2644
Point 1765
1467, 9392
Point 1766
3773, 2034
Point 1767
5066, 594
Point 1768
245, 1886
Point 1769
5683, 9717
Point 1770
7628, 2658
Point 1771
5631, 6107
Point 1772
5389, 1813
Point 1773
3088, 2747
Point 1774
2557, 4919
Point 1775
9381, 2193
Point 1776
6885, 75
Point 1777
6181, 716
Point 1778
2151, 2701
Point 1779
4463, 5573
Point 1780
4925, 3261
Point 1781
1456, 1613
Point 1782
3532, 43
Point 1783
2698, 3808
Point 1784
4864, 2790
Point 1785
3783, 1693
Point 1786
9218, 655
Point 1787
437, 210
Point 1788
9370, 9741
Point 1789
6128, 8999
Point 1790
7746, 1306
Point 1791
3602, 8760
Point 1792
4743, 1611
Point 1793
433, 9033
Point 1794
1976, 8337
Point 1795
8981, 6429
Point 1796
6580, 6526
Point 1797
7974, 6190
Point 1798
6542, 9064
Point 1799
6360, 2772
Point 1800
2492, 2894
Point 1801
29, 7110
Point 1802
8386, 2317
Point 1803
8549, 9185
Point 1804
2067, 5031
Point 1805
2153, 4564
Point 1806
6823, 4891
Point 1807
8871, 2708
Point 1808
6765, 7741
Point 1809
7910, 3010
Point 1810
2069, 3149
Point 1811
8204, 1749
Point 1812
4961, 5383
Point 1813
353, 9468
Point 1814
3710, 1542
Point 1815
6120, 3627
Point 1816
9804, 3413
Point 1817
2097, 5817
Point 1818
3015, 2309
Point 1819
3208, 6296
Point 1820
109, 2928
Point 1821
7287, 1174
Point 1822
5576, 3104
Point 1823
4150, 9157
Point 1824
6974, 1194
Point 1825
1293, 5476
Point 1826
3193, 1819
Point 1827
3614, 316
Point 1828
1300, 3695
Point 1829
6445, 7896
Point 1830
6466, 350
Point 1831
9535, 192
Point 1832
9938, 5692
Point 1833
4637, 6229
Point 1834
2031, 1574
Point 1835
868, 3843
Point 1836
630, 3797
Point 1837
107, 5884
Point 1838
892, 6285
Point 1839
9358, 6905
Point 1840
8458, 594
Point 1841
8225, 9610
Point 1842
6785, 9357
Point 1843
7424, 2510
Point 1844
8994, 7779
Point 1845
8610, 1587
Point 1846
6027, 6884
Point 1847
6706, 9088
Point 1848
5831, 5862
Point 1849
3379, 2023
Point 1850
2792, 8556
Point 1851
4360, 1415
Point 1852
2716, 912
Point 1853
3878, 884
Point 1854
6264, 2032
Point 1855
6664, 9804
Point 1856
2956, 1371
Point 1857
1679, 1884
Point 1858
8600, 8570
Point 1859
2005, 4814
Point 1860
1309, 434
Point 1861
2203, 386
Point 1862
5169, 1656
Point 1863
7823, 7366
Point 1864
6042, 2002
Point 1865
1750, 1328
Point 1866
987, 2917
Point 1867
8574, 6637
Point 1868
1366, 733
Point 1869
1290, 5813
Point 1870
9814, 2048
Point 1871
4291, 635
Point 1872
2934, 9169
Point 1873
2811, 7502
Point 1874
4855, 32
Point 1875
1808, 6815
Point 1876
1590, 7479
Point 1877
6559, 2433
Point 1878
2492, 7393
Point 1879
3215, 2635
Point 1880
3087, 3798
Point 1881
9979, 8410
Point 1882
3020, 1762
Point 1883
8627, 8431
Point 1884
3946, 5695
Point 1885
1696, 2578
Point 1886
4812, 1484
Point 1887
2812, 7490
Point 1888
6164, 5752
Point 1889
6329, 8340
Point 1890
868, 4557
Point 1891
7785, 702
Point 1892
5961, 6784
Point 1893
8480, 5226
Point 1894
9187, 4633
Point 1895
5901, 5686
Point 1896
4268, 4697
Point 1897
6714, 7862
Point 1898
910, 8357
Point 1899
540, 2760
Point 1900
9141, 9489
Point 1901
845, 2661
Point 1902
2689, 786
Point 1903
3951, 2643
Point 1904
2809, 7415
Point 1905
8347, 3384
Point 1906
2206, 8169
Point 1907
4320, 3274
Point 1908
8534, 9806
Point 1909
8222, 9188
Point 1910
8305, 9818
Point 1911
6633, 5621
Point 1912
5002, 6565
Point 1913
3131, 1297
Point 1914
9681, 3350
Point 1915
4411, 881
Point 1916
8415, 4842
Point 1917
3120, 6939
Point 1918
8558, 41
Point 1919
1879, 3932
Point 1920
4999, 5888
Point 1921
6754, 1671
Point 1922
8321, 9571
Point 1923
8644, 438
Point 1924
9112, 5616
Point 1925
7979, 3729
Point 1926
6525, 5891
Point 1927
1452, 7481
Point 1928
4652, 6852
Point 1929
9542, 6536
Point 1930
7251, 8492
Point 1931
91, 101
Point 1932
9961, 3805
Point 1933
6274, 7998
Point 1934
9230, 5823
Point 1935
7017, 8630
Point 1936
8912, 1750
Point 1937
4068, 7727
Point 1938
8698, 118
Point 1939
2767, 4213
Point 1940
3393, 7439
Point 1941
2874, 5813
Point 1942
8421, 5393
Point 1943
1731, 2371
Point 1944
4858, 8242
Point 1945
4515, 9296
Point 1946
6832, 2860
Point 1947
5351, 7025
Point 1948
5160, 535
Point 1949
8667, 4946
Point 1950
3732, 538
Point 1951
2329, 9831
Point 1952
9357, 334
Point 1953
2804, 9506
Point 1954
1496, 6287
Point 1955
7896, 2229
Point 1956
5680, 1684
Point 1957
4438, 1020
Point 1958
3228, 6054
Point 1959
6727, 88
Point 1960
364, 817
Point 1961
6475, 7381
Point 1962
1815, 1573
Point 1963
6565, 3312
Point 1964
7534, 6577
Point 1965
9003, 727
Point 1966
6326, 4268
Point 1967
2126, 5316
Point 1968
6847, 134
Point 1969
3329, 8834
Point 1970
4689, 4644
Point 1971
1361, 9733
Point 1972
4079, 9478
Point 1973
6604, 7113
Point 1974
4111, 8898
Point 1975
8630, 4245
Point 1976
2351, 6711
Point 1977
7824, 7368
Point 1978
3168, 7015
Point 1979
1876, 3921
Point 1980
4202, 8646
Point 1981
8562, 1937
Point 1982
2023, 9120
Point 1983
3364, 8940
Point 1984
7188, 3716
Point 1985
4230, 4342
Point 1986
9710, 9323
Point 1987
6040, 4088
Point 1988
8209, 697
Point 1989
4188, 99
Point 1990
9934, 8826
Point 1991
109, 9904
Point 1992
4267, 7273
Point 1993
1545, 3804
Point 1994
9325, 2558
Point 1995
6877, 7868
Point 1996
9836, 8915
Point 1997
5944, 1137
Point 1998
4604, 6072
Point 1999
9438, 4502
Point 2000
3552, 1122
