Point 1
3474, 8828
Point 2
1974, 5347
Point 3
421, 2644
Point 4
683, 855
Point 5
1261, 391
Point 6
4031, 2359
Point 7
566, 9808
Point 8
9896, 3116
Point 9
1755, 3049
Point 10
7985, 7487
Point 11
1753, 1786
Point 12
1923, 3955
Point 13
3015, 8992
Point 14
9834, 7660
Point 15
7590, 3868
Point 16
1108, 7773
Point 17
899, 4173
Point 18
5193, 4175
Point 19
8676, 3248
Point 20
4193, 7404
Point 21
9134, 7387
Point 22
4798, 5558
Point 23
3828, 2923
Point 24
6679, 1990
Point 25
4921, 1346
Point 26
3827, 7970
Point 27
3588, 5113
Point 28
2545, 5250
Point 29
4169, 6417
Point 30
4777, 4466
Point 31
1328, 6105
Point 32
8327, 6664
Point 33
2955, 190
Point 34
6102, 6874
Point 35
9848, 6956
Point 36
5007, 632
Point 37
4320, 8527
Point 38
1353, 6611
Point 39
3770, 6940
Point 40
3711, 1132
Point 41
2003, 6275
Point 42
6049, 3195
Point 43
628, 9182
Point 44
3673, 1918
Point 45
5202, 8287
Point 46
1990, 1764
Point 47
5964, 366
Point 48
3466, 4804
Point 49
981, 3935
Point 50
1257, 3386
Point 51
311, 8961
Point 52
8949, 1068
Point 53
3409, 761
Point 54
4611, 4437
Point 55
8394, 8845
Point 56
3922, 3512
Point 57
1044, 5442
Point 58
1527, 3859
Point 59
3420, 7771
Point 60
1972, 9227
Point 61
6860, 2727
Point 62
1583, 9564
Point 63
1789, 2576
Point 64
465, 5591
Point 65
7210, 5520
Point 66
9439, 7783
Point 67
6094, 5537
Point 68
187, 4543
Point 69
8943, 1751
Point 70
8120, 1657
Point 71
6747, 8815
Point 72
6581, 2682
Point 73
6263, 6228
Point 74
7842, 7844
Point 75
5099, 6371
Point 76
1091, 7209
Point 77
1437, 8110
Point 78
97, 2439
Point 79
3386, 5292
Point 80
3552, 270
Point 81
5952, 7178
Point 82
9241, 9998
Point 83
9376, 921
Point 84
9139, 6735
Point 85
1230, 4566
Point 86
6279, 1951
Point 87
6042, 2729
Point 88
5820, 2938
Point 89
480, 6113
Point 90
2118, 3191
Point 91
9135, 314
Point 92
815, 6446
Point 93
5826, 8999
Point 94
9966, 8138
Point 95
8000, 1466
Point 96
7018, 9356
Point 97
7274, 4838
Point 98
9151, 54
Point 99
7480, 6702
Point 100
2870, 206
Point 101
2642, 4880
Point 102
5047, 9910
Point 103
1271, 7179
Point 104
1659, 1991
Point 105
53, 5495
Point 106
2358, 3582
Point 107
9577, 5413
Point 108
8716, 6367
Point 109
7085, 4602
Point 110
1477, 8682
Point 111
6403, 706
Point 112
7494, 6546
Point 113
3181, 2198
Point 114
148, 4787
Point 115
4363, 3701
Point 116
7995, 3947
Point 117
4430, 667
Point 118
5157, 3388
Point 119
7330, 6976
Point 120
3532, 6127
Point 121
2306, 3015
Point 122
1286, 6319
Point 123
3793, 1096
Point 124
4300, 6035
Point 125
481, 9713
Point 126
7238, 3973
Point 127
6268, 8032
Point 128
8725, 5133
Point 129
6299, 7298
Point 130
781, 7081
Point 131
4619, 6360
Point 132
6075, 5418
Point 133
6024, 4403
Point 134
7830, 8359
Point 135
3636, 5163
Point 136
6314, 7878
Point 137
5464, 3376
Point 138
2678, 2800
Point 139
7720, 6039
Point 140
5661, 7440
Point 141
60, 8160
Point 142
9135, 7894
Point 143
8034, 5135
Point 144
8844, 6929
Point 145
1057, 1588
Point 146
4767, 7592
Point 147
9964, 9623
Point 148
1522, 5087
Point 149
6844, 7758
Point 150
2985, 6268
Point 151
1245, 5523
Point 152
8842, 6187
Point 153
1080, 7671
Point 154
207, 1496
Point 155
3606, 6301
Point 156
8627, 1291
Point 157
1694, 8758
Point 158
7801, 6915
Point 159
3281, 4143
Point 160
153, 3675
Point 161
7369, 1504
Point 162
1067, 8981
Point 163
8235, 8324
Point 164
1997, 3472
Point 165
605, 8799
Point 166
9957, 3885
Point 167
2472, 7590
Point 168
4947, 9071
Point 169
8971, 6198
Point 170
8775, 3437
Point 171
251, 5962
Point 172
8418, 5301
Point 173
8641, 3747
Point 174
4573, 1195
Point 175
5590, 3874
Point 176
1390, 956
Point 177
6812, 2541
Point 178
6485, 2637
Point 179
4884, 9070
Point 180
1313, 685
Point 181
2123, 1681
Point 182
705, 5657
Point 183
3011, 4158
Point 184
6973, 8792
Point 185
4649, 3789
Point 186
8356, 181
Point 187
5756, 252
Point 188
3787, 4987
Point 189
9602, 9747
Point 190
5960, 8184
Point 191
3921, 8600
Point 192
2511, 4625
Point 193
1314, 5821
Point 194
748, 7909
Point 195
6971, 4627
Point 196
4829, 8467
Point 197
6623, 8849
Point 198
5525, 8565
Point 199
6554, 1292
Point 200
1805, 9518
Point 201
9250, 7628
Point 202
330, 4299
Point 203
2763, 1193
Point 204
3678, 6954
Point 205
9277, 1202
Point 206
603, 8730
Point 207
8478, 9306
Point 208
1964, 9709
Point 209
4329, 7171
Point 210
4100, 3835
Point 211
9658, 802
Point 212
7358, 4736
Point 213
1545, 5731
Point 214
1269, 9476
Point 215
1910, 836
Point 216
9397, 7492
Point 217
1967, 7575
Point 218
6323, 2353
Point 219
6202, 5726
Point 220
6372, 4689
Point 221
1423, 6327
Point 222
8737, 5681
Point 223
9078, 7447
Point 224
6463, 1833
Point 225
4522, 8689
Point 226
7384, 3368
Point 227
5204, 5832
Point 228
3564, 621
Point 229
849, 7943
Point 230
2048, 4993
Point 231
2620, 5422
Point 232
3792, 3699
Point 233
4983, 8986
Point 234
9545, 371
Point 235
3535, 6353
Point 236
1140, 6851
Point 237
4408, 5557
Point 238
4158, 4989
Point 239
6021, 1211
Point 240
3263, 1131
Point 241
1951, 2821
Point 242
4633, 107
Point 243
4458, 2265
Point 244
861, 8
Point 245
1827, 975
Point 246
2455, 3816
Point 247
9085, 5984
Point 248
6651, 9028
Point 249
902, 8039
Point 250
8626, 1829
Point 251
7499, 4265
Point 252
2391, 8063
Point 253
9269, 2492
Point 254
8681, 9310
Point 255
3459, 4279
Point 256
4937, 8666
Point 257
6748, 8932
Point 258
8160, 7524
Point 259
855, 1347
Point 260
4816, 1581
Point 261
4402, 2399
Point 262
3271, 1587
Point 263
3177, 1763
Point 264
3279, 1942
Point 265
2679, 9553
Point 266
3955, 8126
Point 267
1348, 4983
Point 268
6324, 2203
Point 269
270, 7347
Point 270
9106, 4114
Point 271
5265, 7082
Point 272
6652, 5341
Point 273
300, 2377
Point 274
6142, 692
Point 275
6908, 9905
Point 276
7048, 3359
Point 277
2941, 6560
Point 278
9679, 8251
Point 279
5363, 2820
Point 280
1148, 8640
Point 281
6053, 7314
Point 282
6519, 1567
Point 283
6603, 6488
Point 284
78, 8194
Point 285
7956, 2897
Point 286
6679, 6281
Point 287
3403, 561
Point 288
5942, 3321
Point 289
8931, 6075
Point 290
2708, 516
Point 291
3204, 9734
Point 292
5629, 9740
Point 293
558, 1774
Point 294
1982, 7904
Point 295
4319, 5044
Point 296
922, 5728
Point 297
4479, 6891
Point 298
9238, 838
Point 299
3291, 9858
Point 300
3382, 8295
Point 301
4712, 2925
Point 302
9060, 5213
Point 303
8795, 2431
Point 304
4984, 9943
Point 305
85, 4580
Point 306
531, 458
Point 307
9897, 9479
Point 308
7983, 1043
Point 309
5922, 27
Point 310
8807, 1149
Point 311
9056, 7663
Point 312
9986, 5382
Point 313
6560, 966
Point 314
808, 8987
Point 315
2692, 2404
Point 316
2707, 8893
Point 317
2820, 3168
Point 318
4776, 6429
Point 319
4693, 5935
Point 320
5375, 4136
Point 321
1006, 654
Point 322
5911, 5770
Point 323
702, 9023
Point 324
6289, 5547
Point 325
2564, 9172
Point 326
2826, 9951
Point 327
3534, 3253
Point 328
8469, 3014
Point 329
5976, 7150
Point 330
2033, 3900
Point 331
2579, 3301
Point 332
7914, 3794
Point 333
5010, 4769
Point 334
194, 7675
Point 335
2546, 1108
Point 336
5407, 5336
Point 337
9919, 4338
Point 338
6366, 5217
Point 339
9391, 6370
Point 340
5378, 4032
Point 341
683, 7625
Point 342
8965, 4986
Point 343
3783, 246
Point 344
7768, 7438
Point 345
3917, 8307
Point 346
4665, 1280
Point 347
4969, 1726
Point 348
1405, 13
Point 349
7526, 217
Point 350
8977, 7523
Point 351
370, 8536
Point 352
9841, 4904
Point 353
9713, 4527
Point 354
720, 5311
Point 355
8783, 7028
Point 356
3136, 6820
Point 357
1452, 1563
Point 358
5118, 5498
Point 359
7523, 7945
Point 360
1575, 3536
Point 361
4018, 5380
Point 362
2746, 127
Point 363
6361, 7492
Point 364
9776, 6065
Point 365
5674, 1800
Point 366
4052, 6479
Point 367
3616, 5613
Point 368
2182, 36
Point 369
4123, 3040
Point 370
1687, 7036
Point 371
2243, 5897
Point 372
3406, 3318
Point 373
3827, 4621
Point 374
5357, 1655
Point 375
6279, 4027
Point 376
9405, 7426
Point 377
9785, 2707
Point 378
6437, 718
Point 379
483, 4182
Point 380
7964, 2758
Point 381
1883, 2551
Point 382
2069, 581
Point 383
8541, 5303
Point 384
9457, 186
Point 385
6412, 1192
Point 386
965, 5078
Point 387
7675, 1652
Point 388
1382, 4056
Point 389
3851, 90
Point 390
5651, 9394
Point 391
6, 4560
Point 392
2616, 4126
Point 393
4531, 5849
Point 394
8367, 5079
Point 395
3535, 4784
Point 396
5897, 6481
Point 397
6263, 9693
Point 398
365, 7507
Point 399
8076, 7402
Point 400
9489, 5978
Point 401
549, 8867
Point 402
6819, 9551
Point 403
4011, 3630
Point 404
1516, 5232
Point 405
6461, 5614
Point 406
2072, 7783
Point 407
4205, 6504
Point 408
2939, 7720
Point 409
3804, 1907
Point 410
2460, 9972
Point 411
1936, 9827
Point 412
7651, 4999
Point 413
9657, 590
Point 414
6428, 5179
Point 415
197, 2292
Point 416
672, 622
Point 417
4896, 6092
Point 418
4170, 231
Point 419
215, 1209
Point 420
7915, 5749
Point 421
9797, 386
Point 422
1513, 8872
Point 423
9541, 2731
Point 424
3499, 4024
Point 425
322, 2349
Point 426
5281, 2366
Point 427
2562, 8014
Point 428
3090, 5740
Point 429
9201, 1189
Point 430
9858, 2860
Point 431
8789, 7207
Point 432
4247, 3834
Point 433
8386, 7105
Point 434
7185, 3278
Point 435
6766, 5699
Point 436
7243, 6758
Point 437
2005, 4848
Point 438
4899, 42
Point 439
3965, 9525
Point 440
2345, 5755
Point 441
1404, 8330
Point 442
9870, 7420
Point 443
5498, 9357
Point 444
2025, 6587
Point 445
6380, 6973
Point 446
6833, 4767
Point 447
7021, 4989
Point 448
9075, 8245
Point 449
9204, 6933
Point 450
4361, 469
Point 451
9661, 4726
Point 452
4119, 3698
Point 453
548, 2884
Point 454
2899, 8867
Point 455
7330, 6599
Point 456
8474, 192
Point 457
8900, 8514
Point 458
2081, 8962
Point 459
9275, 814
Point 460
860, 9171
Point 461
7584, 6406
Point 462
7067, 6166
Point 463
3213, 5346
Point 464
8917, 8325
Point 465
5972, 459
Point 466
6118, 924
Point 467
6904, 9112
Point 468
9019, 838
Point 469
4008, 6522
Point 470
4140, 461
Point 471
8514, 9602
Point 472
353, 9346
Point 473
1623, 9396
Point 474
9419, 2463
Point 475
8620, 4420
Point 476
1746, 4660
Point 477
7165, 6877
Point 478
3277, 1981
Point 479
9205, 8619
Point 480
2208, 1792
Point 481
1429, 3996
Point 482
4882, 5338
Point 483
7504, 2265
Point 484
8679, 8319
Point 485
6396, 3128
Point 486
5921, 7331
Point 487
5036, 5128
Point 488
6950, 2623
Point 489
282, 8127
Point 490
2379, 519
Point 491
4694, 7926
Point 492
4225, 2051
Point 493
2995, 3153
Point 494
3147, 7895
Point 495
1224, 2034
Point 496
4326, 3533
Point 497
8612, 9361
Point 498
7677, 2705
Point 499
2964, 2061
Point 500
8991, 1693
Point 501
3958, 5106
Point 502
7423, 1736
Point 503
5176, 8225
Point 504
1254, 1993
Point 505
4911, 7833
Point 506
8284, 832
Point 507
7843, 7930
Point 508
9389, 8961
Point 509
4520, 8324
Point 510
3784, 3954
Point 511
3258, 8466
Point 512
2379, 2017
Point 513
9537, 446
Point 514
1208, 9550
Point 515
1280, 5229
Point 516
404, 3962
Point 517
4480, 2090
Point 518
5423, 536
Point 519
2595, 2409
Point 520
6304, 9655
Point 521
4807, 5438
Point 522
7622, 6681
Point 523
2837, 5515
Point 524
6522, 4918
Point 525
3318, 7246
Point 526
8690, 671
Point 527
2919, 7696
Point 528
2470, 8213
Point 529
6384, 2290
Point 530
9454, 1653
Point 531
3432, 4238
Point 532
5826, 127
Point 533
9097, 5650
Point 534
2510, 2548
Point 535
3451, 2169
Point 536
3714, 8201
Point 537
951, 1989
Point 538
2883, 9908
Point 539
6615, 4379
Point 540
2256, 7150
Point 541
6156, 2496
Point 542
7217, 7628
Point 543
9820, 176
Point 544
9478, 7005
Point 545
5174, 2649
Point 546
3753, 8286
Point 547
2382, 6679
Point 548
1027, 4220
Point 549
6597, 6479
Point 550
7793, 8396
Point 551
6025, 7981
Point 552
4696, 3285
Point 553
951, 5474
Point 554
9899, 6391
Point 555
8533, 1477
Point 556
2220, 8880
Point 557
547, 2813
Point 558
6534, 4583
Point 559
6436, 3281
Point 560
9331, 1107
Point 561
1956, 6075
Point 562
5390, 8931
Point 563
4563, 7149
Point 564
7532, 8849
Point 565
230, 4099
Point 566
117, 2871
Point 567
2831, 3814
Point 568
3588, 8788
Point 569
6466, 6147
Point 570
1682, 4028
Point 571
3101, 148
Point 572
5189, 113
Point 573
2805, 4048
Point 574
6091, 5070
Point 575
1477, 77
Point 576
3782, 7481
Point 577
1482, 481
Point 578
688, 2516
Point 579
3877, 1642
Point 580
8028, 7241
Point 581
7014, 9053
Point 582
3774, 9776
Point 583
5243, 7141
Point 584
3878, 4481
Point 585
3139, 4349
Point 586
4760, 3209
Point 587
5235, 5757
Point 588
9736, 930
Point 589
8603, 2612
Point 590
4576, 2502
Point 591
5759, 573
Point 592
7687, 6253
Point 593
8396, 6218
Point 594
8589, 9143
Point 595
8186, 4424
Point 596
4262, 7778
Point 597
9541, 7605
Point 598
6719, 9287
Point 599
610, 1451
Point 600
6731, 6196
Point 601
3031, 833
Point 602
8014, 9801
Point 603
7995, 3822
Point 604
3382, 7277
Point 605
6028, 1421
Point 606
9386, 8779
Point 607
570, 5489
Point 608
8775, 2127
Point 609
910, 7643
Point 610
749, 4312
Point 611
8311, 7427
Point 612
7441, 1042
Point 613
285, 8935
Point 614
1279, 7802
Point 615
1876, 1256
Point 616
2012, 8491
Point 617
9553, 9581
Point 618
4021, 622
Point 619
2833, 657
Point 620
4246, 9258
Point 621
1140, 8343
Point 622
8584, 5388
Point 623
8540, 2506
Point 624
9928, 8303
Point 625
6988, 7196
Point 626
4124, 5652
Point 627
9520, 2128
Point 628
1133, 9357
Point 629
8405, 4839
Point 630
7367, 297
Point 631
9699, 9600
Point 632
1813, 9811
Point 633
4892, 3133
Point 634
2887, 1421
Point 635
2335, 6501
Point 636
5194, 1923
Point 637
6029, 7150
Point 638
5364, 7006
Point 639
7010, 5035
Point 640
3954, 2891
Point 641
3026, 1970
Point 642
6055, 2153
Point 643
5528, 3937
Point 644
6667, 8824
Point 645
9057, 1922
Point 646
8199, 5178
Point 647
7072, 8072
Point 648
6478, 161
Point 649
9951, 403
Point 650
8585, 7357
Point 651
5465, 1153
Point 652
494, 8563
Point 653
9366, 958
Point 654
5012, 7605
Point 655
3902, 3471
Point 656
865, 7830
Point 657
5038, 2783
Point 658
1858, 5887
Point 659
4986, 9078
Point 660
1035, 3868
Point 661
5197, 6302
Point 662
8500, 1634
Point 663
6438, 9316
Point 664
3128, 1267
Point 665
6771, 7005
Point 666
7797, 5976
Point 667
5311, 2111
Point 668
4960, 6498
Point 669
9468, 8182
Point 670
4373, 9058
Point 671
6087, 8955
Point 672
7649, 301
Point 673
2332, 5749
Point 674
4913, 6244
Point 675
479, 3979
Point 676
7289, 4278
Point 677
1888, 800
Point 678
5222, 9494
Point 679
9313, 2035
Point 680
6687, 9244
Point 681
3474, 8073
Point 682
1248, 2692
Point 683
9329, 5203
Point 684
5609, 5367
Point 685
9848, 977
Point 686
3808, 2235
Point 687
257, 9635
Point 688
546, 6644
Point 689
3694, 6354
Point 690
9249, 6657
Point 691
19, 7153
Point 692
7446, 4744
Point 693
3109, 4642
Point 694
756, 1576
Point 695
8405, 8508
Point 696
3407, 9762
Point 697
1683, 3587
Point 698
7544, 8763
Point 699
2084, 7721
Point 700
5806, 7924
Point 701
7275, 6187
Point 702
1665, 616
Point 703
6289, 9421
Point 704
9827, 8776
Point 705
6072, 6026
Point 706
4636, 3829
Point 707
1036, 3582
Point 708
7882, 6903
Point 709
1057, 5655
Point 710
8641, 8543
Point 711
2230, 4595
Point 712
6895, 5713
Point 713
6463, 6190
Point 714
9513, 1771
Point 715
498, 4061
Point 716
1917, 3325
Point 717
2328, 8795
Point 718
1232, 6388
Point 719
3119, 9249
Point 720
7064, 3105
Point 721
5753, 1206
Point 722
4168, 9466
Point 723
6880, 1605
Point 724
7240, 3878
Point 725
7960, 4962
Point 726
1784, 6257
Point 727
2235, 2248
Point 728
6635, 7374
Point 729
8746, 1515
Point 730
3039, 8601
Point 731
1593, 3852
Point 732
2460, 2919
Point 733
2457, 7868
Point 734
209, 9048
Point 735
7107, 842
Point 736
4911, 1943
Point 737
2050, 4922
Point 738
4356, 4499
Point 739
5805, 2302
Point 740
6825, 7318
Point 741
376, 4185
Point 742
3167, 5631
Point 743
2412, 4522
Point 744
9015, 5074
Point 745
268, 1004
Point 746
8404, 917
Point 747
2732, 2593
Point 748
9751, 8540
Point 749
7535, 5002
Point 750
2665, 6514
Point 751
2911, 2964
Point 752
9373, 7430
Point 753
3477, 862
Point 754
7709, 5820
Point 755
2471, 1375
Point 756
3506, 6940
Point 757
6008, 5134
Point 758
9062, 4983
Point 759
1425, 3083
Point 760
856, 4365
Point 761
996, 7232
Point 762
4122, 3142
Point 763
4368, 4789
Point 764
4063, 3299
Point 765
7917, 5276
Point 766
3501, 8718
Point 767
6853, 185
Point 768
4589, 7943
Point 769
6438, 9944
Point 770
7830, 5506
Point 771
1934, 3540
Point 772
5117, 2571
Point 773
3004, 2014
Point 774
4743, 4889
Point 775
7222, 8220
Point 776
5430, 3680
Point 777
9062, 1730
Point 778
3278, 2939
Point 779
5287, 9583
Point 780
266, 4873
Point 781
4998, 690
Point 782
5419, 3719
Point 783
2786, 4139
Point 784
101, 7014
Point 785
6403, 9390
Point 786
7000, 2548
Point 787
6144, 9403
Point 788
8355, 8687
Point 789
1767, 6113
Point 790
2701, 5538
Point 791
4155, 1351
Point 792
993, 4504
Point 793
3196, 5304
Point 794
2369, 4185
Point 795
348, 8895
Point 796
6986, 1298
Point 797
4264, 6121
Point 798
8378, 6300
Point 799
469, 7283
Point 800
631, 4748
Point 801
1591, 4298
Point 802
6263, 7079
Point 803
2934, 4853
Point 804
9185, 1455
Point 805
9259, 3005
Point 806
3354, 6585
Point 807
2604, 38
Point 808
1804, 4038
Point 809
7654, 861
Point 810
2637, 2452
Point 811
733, 8052
Point 812
8249, 9259
Point 813
857, 7766
Point 814
1558, 9075
Point 815
6430, 9158
Point 816
8358, 1735
Point 817
9156, 1713
Point 818
8019, 7105
Point 819
7517, 2940
Point 820
5736, 8275
Point 821
5811, 2246
Point 822
8264, 9505
Point 823
1092, 5490
Point 824
1655, 369
Point 825
9653, 8728
Point 826
3910, 2986
Point 827
6685, 8925
Point 828
7637, 4879
Point 829
7623, 4088
Point 830
7828, 6091
Point 831
7342, 5148
Point 832
7693, 5471
Point 833
3860, 7201
Point 834
1109, 7731
Point 835
6482, 8266
Point 836
3702, 9820
Point 837
4429, 9570
Point 838
5843, 2442
Point 839
904, 2581
Point 840
9895, 130
Point 841
9301, 4477
Point 842
940, 1184
Point 843
2761, 5565
Point 844
4934, 7015
Point 845
5677, 9267
Point 846
702, 8933
Point 847
5883, 7740
Point 848
2554, 9270
Point 849
9262, 3921
Point 850
8404, 2891
Point 851
4284, 3863
Point 852
4245, 4575
Point 853
2596, 1588
Point 854
9575, 7570
Point 855
3208, 2351
Point 856
9953, 8669
Point 857
2027, 9246
Point 858
2238, 5573
Point 859
5564, 2335
Point 860
5278, 3044
Point 861
7451, 9144
Point 862
3807, 5325
Point 863
9115, 284
Point 864
6139, 3682
Point 865
1399, 4195
Point 866
6892, 9575
Point 867
2241, 585
Point 868
4393, 5882
Point 869
6586, 2984
Point 870
8721, 942
Point 871
8673, 7024
Point 872
368, 2716
Point 873
3518, 2562
Point 874
1416, 3290
Point 875
4000, 4548
Point 876
813, 7157
Point 877
2260, 9671
Point 878
2843, 235
Point 879
9345, 3251
Point 880
3207, 408
Point 881
4963, 3583
Point 882
266, 4561
Point 883
28, 8987
Point 884
9941, 1479
Point 885
8266, 6214
Point 886
1535, 4843
Point 887
9589, 7512
Point 888
8310, 5548
Point 889
7145, 7661
Point 890
1022, 8058
Point 891
2011, 1597
Point 892
4835, 1149
Point 893
4349, 7854
Point 894
47, 9479
Point 895
7500, 2998
Point 896
4848, 8717
Point 897
1987, 7456
Point 898
4014, 3637
Point 899
9669, 3711
Point 900
852, 5541
Point 901
4401, 3699
Point 902
978, 2645
Point 903
4486, 3427
Point 904
5609, 4656
Point 905
3897, 9314
Point 906
8878, 667
Point 907
3828, 2597
Point 908
8448, 7710
Point 909
3457, 5207
Point 910
1157, 5826
Point 911
8992, 3020
Point 912
5760, 4361
Point 913
3025, 63
Point 914
3004, 3338
Point 915
2034, 373
Point 916
9156, 3221
Point 917
8467, 2529
Point 918
2930, 6162
Point 919
5253, 5589
Point 920
7276, 1906
Point 921
4813, 4145
Point 922
6919, 1949
Point 923
1707, 4511
Point 924
9711, 6215
Point 925
7871, 3693
Point 926
4872, 7596
Point 927
2091, 7716
Point 928
4027, 991
Point 929
833, 6111
Point 930
1572, 5167
Point 931
5831, 4947
Point 932
9353, 7691
Point 933
4951, 1653
Point 934
6901, 5499
Point 935
6754, 1041
Point 936
2534, 6214
Point 937
5912, 3458
Point 938
2532, 8262
Point 939
6182, 2792
Point 940
5288, 1019
Point 941
9982, 4174
Point 942
4818, 9769
Point 943
8789, 8647
Point 944
3389, 4075
Point 945
6551, 4829
Point 946
6112, 2326
Point 947
9101, 5648
Point 948
1311, 9683
Point 949
6162, 1583
Point 950
9247, 1411
Point 951
8955, 551
Point 952
8337, 8704
Point 953
5628, 8554
Point 954
2391, 9462
Point 955
8801, 4516
Point 956
4599, 2242
Point 957
4342, 7359
Point 958
4008, 7587
Point 959
8175, 3293
Point 960
8024, 7312
Point 961
8388, 6547
Point 962
163, 8949
Point 963
3213, 7318
Point 964
5665, 9530
Point 965
1535, 6585
Point 966
8881, 152
Point 967
1534, 8628
Point 968
5403, 377
Point 969
4736, 8558
Point 970
8795, 9388
Point 971
7375, 4012
Point 972
6473, 9066
Point 973
8222, 7248
Point 974
1807, 2656
Point 975
2300, 6318
Point 976
9817, 1548
Point 977
2799, 1766
Point 978
1997, 1823
Point 979
9355, 8312
Point 980
1723, 1708
Point 981
9440, 9383
Point 982
5486, 831
Point 983
1005, 6028
Point 984
6732, 2279
Point 985
8791, 738
Point 986
8509, 8835
Point 987
3720, 1005
Point 988
8295, 5520
Point 989
4667, 7083
Point 990
3396, 1551
Point 991
4547, 3324
Point 992
8142, 6192
Point 993
8166, 2727
Point 994
4705, 4620
Point 995
7534, 9879
Point 996
7860, 1875
Point 997
1487, 8348
Point 998
228, 5266
Point 999
340, 4767
Point 1000
8636, 8164
Point 1001
3053, 3330
Point 1002
4101, 1036
Point 1003
3904, 1242
Point 1004
7656, 8778
Point 1005
8052, 7793
Point 1006
1730, 6919
Point 1007
502, 7117
Point 1008
2130, 3136
Point 1009
986, 7489
Point 1010
8788, 4629
Point 1011
8062, 8051
Point 1012
4422, 6416
Point 1013
9331, 7204
Point 1014
8970, 334
Point 1015
1081, 5629
Point 1016
4262, 9660
Point 1017
9922, 857
Point 1018
7775, 9639
Point 1019
987, 9635
Point 1020
6507, 9943
Point 1021
2142, 8944
Point 1022
2007, 1084
Point 1023
1320, 6460
Point 1024
5450, 3162
Point 1025
4546, 6498
Point 1026
7243, 1977
Point 1027
5559, 8027
Point 1028
9127, 4478
Point 1029
3984, 7219
Point 1030
7983, 2829
Point 1031
7963, 8173
Point 1032
9618, 3938
Point 1033
8868, 1955
Point 1034
7717, 9185
Point 1035
267, 5890
Point 1036
7806, 7342
Point 1037
646, 2182
Point 1038
8625, 2146
Point 1039
9596, 7339
Point 1040
3582, 4869
Point 1041
108, 1658
Point 1042
3151, 1365
Point 1043
5439, 1054
Point 1044
4963, 2515
Point 1045
7616, 1904
Point 1046
2161, 6813
Point 1047
6034, 3249
Point 1048
2102, 3875
Point 1049
8866, 9691
Point 1050
6926, 8090
Point 1051
7026, 2644
Point 1052
4672, 2318
Point 1053
273, 7183
Point 1054
4650, 2590
Point 1055
7737, 6719
Point 1056
3595, 6081
Point 1057
591, 7907
Point 1058
9765, 6291
Point 1059
2911, 3816
Point 1060
588, 1329
Point 1061
7866, 4213
Point 1062
5731, 3468
Point 1063
274, 8002
Point 1064
1520, 722
Point 1065
3324, 4391
Point 1066
4557, 4119
Point 1067
6771, 6098
Point 1068
2031, 7518
Point 1069
6290, 100
Point 1070
3776, 388
Point 1071
8824, 8803
Point 1072
6417, 7766
Point 1073
6749, 7285
Point 1074
3099, 5782
Point 1075
4468, 319
Point 1076
3235, 5611
Point 1077
4644, 6235
Point 1078
5469, 3454
Point 1079
7712, 3386
Point 1080
3618, 9268
Point 1081
7515, 8954
Point 1082
9753, 2365
Point 1083
7981, 9155
Point 1084
768, 7685
Point 1085
580, 4510
Point 1086
4789, 2600
Point 1087
9988, 3796
Point 1088
1616, 451
Point 1089
5858, 5511
Point 1090
7014, 3620
Point 1091
1883, 6270
Point 1092
4106, 5980
Point 1093
9442, 1396
Point 1094
6412, 1758
Point 1095
2045, 4170
Point 1096
6104, 5508
Point 1097
8510, 6685
Point 1098
7990, 5733
Point 1099
7348, 7053
Point 1100
4380, 2949
Point 1101
2194, 4862
Point 1102
8528, 1480
Point 1103
8274, 9161
Point 1104
4672, 3139
Point 1105
2893, 1051
Point 1106
807, 73
Point 1107
8705, 5969
Point 1108
6279, 3525
Point 1109
7138, 9154
Point 1110
68, 5051
Point 1111
761, 1452
Point 1112
7175, 6808
Point 1113
7610, 1606
Point 1114
9910, 7911
Point 1115
7525, 5499
Point 1116
8123, 4619
Point 1117
415, 2422
Point 1118
7351, 3077
Point 1119
9016, 3380
Point 1120
6755, 4727
Point 1121
4213, 6693
Point 1122
9298, 6122
Point 1123
9251, 1690
Point 1124
5100, 6847
Point 1125
304, 2197
Point 1126
5135, 1540
Point 1127
4754, 7663
Point 1128
6540, 4571
Point 1129
5276, 1286
Point 1130
2659, 8854
Point 1131
7366, 1303
Point 1132
664, 3474
Point 1133
306, 3723
Point 1134
7096, 8343
Point 1135
6701, 2215
Point 1136
6997, 7917
Point 1137
3740, 3617
Point 1138
5422, 188
Point 1139
100, 5565
Point 1140
1094, 1600
Point 1141
6014, 6139
Point 1142
708, 3320
Point 1143
446, 4083
Point 1144
8951, 9404
Point 1145
8561, 2162
Point 1146
3727, 2759
Point 1147
4674, 5518
Point 1148
8230, 553
Point 1149
774, 1511
Point 1150
1544, 6732
Point 1151
8337, 7465
Point 1152
7271, 5634
Point 1153
1640, 7971
Point 1154
5308, 7365
Point 1155
4088, 3973
Point 1156
5356, 2530
Point 1157
5144, 1720
Point 1158
1992, 1230
Point 1159
4404, 847
Point 1160
219, 8783
Point 1161
1044, 7358
Point 1162
7286, 8546
Point 1163
1441, 9067
Point 1164
1262, 445
Point 1165
5123, 8193
Point 1166
9381, 2306
Point 1167
9331, 8228
Point 1168
9463, 9947
Point 1169
5511, 9938
Point 1170
5877, 1143
Point 1171
6801, 4419
Point 1172
7457, 8018
Point 1173
4188, 9499
Point 1174
8522, 2206
Point 1175
461, 9456
Point 1176
5750, 7217
Point 1177
5257, 7012
Point 1178
3024, 2835
Point 1179
1598, 885
Point 1180
3560, 7083
Point 1181
4109, 1782
Point 1182
3664, 2337
Point 1183
1846, 4660
Point 1184
5251, 3475
Point 1185
4057, 5312
Point 1186
4924, 7643
Point 1187
5572, 4922
Point 1188
5841, 7122
Point 1189
9558, 7057
Point 1190
4866, 9133
Point 1191
9332, 7786
Point 1192
1562, 8920
Point 1193
7623, 1092
Point 1194
7489, 5425
Point 1195
1251, 8548
Point 1196
3938, 2032
Point 1197
1503, 4348
Point 1198
3780, 8412
Point 1199
5680, 4234
Point 1200
8377, 3315
Point 1201
3272, 9571
Point 1202
3706, 2337
Point 1203
971, 5901
Point 1204
729, 9113
Point 1205
4394, 8688
Point 1206
3847, 3199
Point 1207
737, 7598
Point 1208
7815, 2971
Point 1209
5880, 4726
Point 1210
7921, 7273
Point 1211
1434, 1411
Point 1212
373, 5283
Point 1213
2139, 2960
Point 1214
9911, 35
Point 1215
1631, 503
Point 1216
9424, 7446
Point 1217
5124, 4445
Point 1218
2031, 9285
Point 1219
804, 4558
Point 1220
9515, 5523
Point 1221
7867, 7600
Point 1222
2247, 8752
Point 1223
8019, 4549
Point 1224
4835, 982
Point 1225
9019, 6018
Point 1226
8594, 973
Point 1227
3347, 6244
Point 1228
6654, 8542
Point 1229
2479, 3141
Point 1230
9998, 734
Point 1231
7366, 4355
Point 1232
3092, 3655
Point 1233
8735, 6993
Point 1234
5848, 2859
Point 1235
6602, 1761
Point 1236
4671, 4679
Point 1237
6991, 614
Point 1238
9030, 648
Point 1239
5262, 700
Point 1240
1638, 7266
Point 1241
9712, 6373
Point 1242
9652, 3732
Point 1243
6101, 5362
Point 1244
1532, 1020
Point 1245
3664, 4806
Point 1246
9201, 6658
Point 1247
5789, 7776
Point 1248
7972, 947
Point 1249
4061, 1171
Point 1250
7332, 1972
Point 1251
2619, 1432
Point 1252
4143, 8750
Point 1253
924, 5356
Point 1254
6044, 4108
Point 1255
6911, 9527
Point 1256
6960, 1500
Point 1257
9247, 3318
Point 1258
8448, 2851
Point 1259
6966, 7264
Point 1260
375, 7727
Point 1261
7072, 717
Point 1262
1864, 7687
Point 1263
5915, 108
Point 1264
8822, 3462
Point 1265
8077, 1910
Point 1266
7472, 6807
Point 1267
7323, 2431
Point 1268
4255, 3285
Point 1269
7779, 9958
Point 1270
1244, 7069
Point 1271
9889, 3430
Point 1272
2775, 3894
Point 1273
4956, 5826
Point 1274
3380, 3701
Point 1275
4109, 9766
Point 1276
9314, 261
Point 1277
2377, 7426
Point 1278
5977, 1031
Point 1279
6234, 6813
Point 1280
1343, 6895
Point 1281
3456, 1681
Point 1282
1159, 8044
Point 1283
7394, 2939
Point 1284
5107, 9253
Point 1285
3929, 5255
Point 1286
4397, 5043
Point 1287
8221, 3742
Point 1288
329, 2852
Point 1289
149, 2138
Point 1290
230, 206
Point 1291
1844, 5637
Point 1292
1892, 100
Point 1293
8101, 8725
Point 1294
139, 7338
Point 1295
583, 725
Point 1296
9454, 7405
Point 1297
9751, 9572
Point 1298
4777, 8593
Point 1299
4215, 7346
Point 1300
8477, 7588
Point 1301
5812, 9480
Point 1302
5299, 8462
Point 1303
149, 3243
Point 1304
8658, 5145
Point 1305
6543, 82
Point 1306
1003, 7816
Point 1307
8373, 732
Point 1308
8222, 4391
Point 1309
4677, 1589
Point 1310
3021, 9293
Point 1311
6513, 5816
Point 1312
5066, 3037
Point 1313
7079, 2860
Point 1314
6286, 7817
Point 1315
2866, 5631
Point 1316
8220, 6226
Point 1317
4240, 5465
Point 1318
4488, 2540
Point 1319
7750, 1162
Point 1320
5617, 8571
Point 1321
9197, 9902
Point 1322
5263, 8990
Point 1323
6029, 4628
Point 1324
6628, 4244
Point 1325
9998, 4629
Point 1326
5331, 2723
Point 1327
6161, 3456
Point 1328
359, 7637
Point 1329
2300, 1082
Point 1330
7814, 8264
Point 1331
3623, 5252
Point 1332
3170, 9647
Point 1333
1206, 335
Point 1334
6455, 9621
Point 1335
9062, 696
Point 1336
1405, 7126
Point 1337
3943, 9571
Point 1338
3973, 1172
Point 1339
4024, 3758
Point 1340
7801, 5522
Point 1341
7481, 9035
Point 1342
4273, 202
Point 1343
9616, 1167
Point 1344
2558, 7264
Point 1345
7698, 2608
Point 1346
742, 4892
Point 1347
5944, 5526
Point 1348
2538, 917
Point 1349
9188, 7706
Point 1350
5358, 4033
Point 1351
2695, 9011
Point 1352
4591, 8664
Point 1353
7315, 2623
Point 1354
5830, 7269
Point 1355
3691, 7047
Point 1356
1450, 2130
Point 1357
6619, 2023
Point 1358
510, 7155
Point 1359
790, 3890
Point 1360
1206, 9111
Point 1361
2166, 3713
Point 1362
3294, 6805
Point 1363
4971, 4519
Point 1364
3816, 6230
Point 1365
2957, 2384
Point 1366
3234, 9445
Point 1367
4955, 9760
Point 1368
638, 5069
Point 1369
8983, 8468
Point 1370
6105, 8634
Point 1371
6227, 4045
Point 1372
5448, 1807
Point 1373
6038, 2787
Point 1374
7632, 456
Point 1375
5789, 7739
Point 1376
7941, 2918
Point 1377
4884, 148
Point 1378
622, 1472
Point 1379
518, 8426
Point 1380
3173, 1945
Point 1381
3886, 7559
Point 1382
713, 8718
Point 1383
9462, 8084
Point 1384
2928, 4917
Point 1385
6685, 5217
Point 1386
7981, 538
Point 1387
2938, 5563
Point 1388
7486, 4421
Point 1389
9056, 940
Point 1390
4114, 9538
Point 1391
3776, 6264
Point 1392
8773, 4890
Point 1393
1505, 1216
Point 1394
7399, 1461
Point 1395
8570, 3456
Point 1396
8359, 4133
Point 1397
6751, 4508
Point 1398
232, 6257
Point 1399
9268, 8132
Point 1400
6289, 8645
Point 1401
3657, 5004
Point 1402
6390, 153
Point 1403
7984, 6808
Point 1404
9222, 2753
Point 1405
1737, 7467
Point 1406
7780, 9995
Point 1407
348, 9209
Point 1408
8855, 4112
Point 1409
2831, 6339
Point 1410
2901, 3667
Point 1411
5273, 223
Point 1412
4103, 610
Point 1413
9044, 4783
Point 1414
1744, 2868
Point 1415
1479, 3059
Point 1416
3020, 6214
Point 1417
8564, 1812
Point 1418
4352, 7029
Point 1419
3624, 3016
Point 1420
2933, 5793
Point 1421
3451, 8168
Point 1422
2767, 9682
Point 1423
3399, 3773
Point 1424
9763, 1463
Point 1425
5999, 4136
Point 1426
8600, 1042
Point 1427
3433, 621
Point 1428
16, 5487
Point 1429
2774, 4919
Point 1430
935, 3108
Point 1431
4371, 7547
Point 1432
1417, 7278
Point 1433
7935, 1786
Point 1434
1810, 6074
Point 1435
7957, 7591
Point 1436
662, 4531
Point 1437
9927, 9608
Point 1438
8987, 7324
Point 1439
1491, 8370
Point 1440
9267, 1036
Point 1441
8162, 3989
Point 1442
8246, 6818
Point 1443
1505, 7216
Point 1444
988, 6205
Point 1445
8780, 3623
Point 1446
9933, 5143
Point 1447
7011, 2808
Point 1448
6796, 3846
Point 1449
1092, 6065
Point 1450
6972, 3029
Point 1451
5168, 2732
Point 1452
5873, 243
Point 1453
8810, 7562
Point 1454
4089, 3613
Point 1455
4724, 8888
Point 1456
3610, 4051
Point 1457
2670, 121
Point 1458
464, 1240
Point 1459
5089, 5131
Point 1460
91, 3076
Point 1461
3531, 1475
Point 1462
525, 3095
Point 1463
1374, 4093
Point 1464
5020, 5454
Point 1465
7582, 6099
Point 1466
145, 2451
Point 1467
8272, 2578
Point 1468
7596, 5290
Point 1469
7722, 7963
Point 1470
7926, 4818
Point 1471
8107, 7448
Point 1472
2284, 5274
Point 1473
7749, 8167
Point 1474
3830, 796
Point 1475
927, 6425
Point 1476
3978, 1328
Point 1477
8437, 3124
Point 1478
9868, 1904
Point 1479
6966, 709
Point 1480
8525, 6825
Point 1481
7108, 1472
Point 1482
78, 8188
Point 1483
4358, 8832
Point 1484
7082, 6402
Point 1485
4811, 352
Point 1486
9511, 8884
Point 1487
7422, 3664
Point 1488
5300, 1928
Point 1489
7688, 4241
Point 1490
4469, 9940
Point 1491
3392, 6983
Point 1492
787, 5644
Point 1493
1652, 1988
Point 1494
8701, 4673
Point 1495
7940, 8521
Point 1496
4844, 8038
Point 1497
1964, 226
Point 1498
2792, 6359
Point 1499
2336, 8906
Point 1500
6953, 473
Point 1501
1817, 3821
Point 1502
6487, 4038
Point 1503
7596, 8406
Point 1504
2970, 5113
Point 1505
6517, 6515
Point 1506
6140, 5325
Point 1507
3487, 5898
Point 1508
533, 7200
Point 1509
2386, 7446
Point 1510
2057, 2527
Point 1511
2716, 4964
Point 1512
7635, 7195
Point 1513
1963, 1681
Point 1514
2927, 834
Point 1515
3173, 6546
Point 1516
2847, 2849
Point 1517
9619, 5463
Point 1518
7083, 9891
Point 1519
3571, 55
Point 1520
8176, 3724
Point 1521
4189, 9290
Point 1522
2819, 2531
Point 1523
335, 7357
Point 1524
8018, 3211
Point 1525
7706, 4540
Point 1526
2481, 6965
Point 1527
6099, 6556
Point 1528
201, 5583
Point 1529
1867, 1759
Point 1530
7573, 1209
Point 1531
2648, 4976
Point 1532
7577, 8122
Point 1533
6301, 1318
Point 1534
4586, 1042
Point 1535
3673, 3265
Point 1536
1152, 860
Point 1537
5263, 9565
Point 1538
3795, 5291
Point 1539
5178, 5026
Point 1540
8226, 8968
Point 1541
1848, 6171
Point 1542
5738, 4713
Point 1543
3901, 8904
Point 1544
1523, 5344
Point 1545
1327, 805
Point 1546
2610, 3286
Point 1547
6587, 2526
Point 1548
7774, 3420
Point 1549
7700, 9821
Point 1550
4292, 3184
Point 1551
5478, 224
Point 1552
6754, 2746
Point 1553
84, 6111
Point 1554
1250, 7222
Point 1555
7866, 8934
Point 1556
4225, 2384
Point 1557
8018, 7796
Point 1558
9027, 5077
Point 1559
58, 9214
Point 1560
4777, 9641
Point 1561
7304, 3910
Point 1562
1548, 2054
Point 1563
8613, 770
Point 1564
3041, 4196
Point 1565
469, 7749
Point 1566
2980, 1701
Point 1567
4186, 4411
Point 1568
4238, 148
Point 1569
8466, 1044
Point 1570
354, 6052
Point 1571
5852, 4858
Point 1572
7564, 1028
Point 1573
2703, 4623
Point 1574
1693, 9799
Point 1575
6249, 1305
Point 1576
8368, 5321
Point 1577
9009, 3733
Point 1578
6862, 7164
Point 1579
387, 5158
Point 1580
7602, 2524
Point 1581
7630, 8669
Point 1582
869, 2778
Point 1583
3486, 6858
Point 1584
9535, 2286
Point 1585
5873, 3897
Point 1586
1848, 351
Point 1587
5692, 6207
Point 1588
1181, 1671
Point 1589
2476, 1314
Point 1590
8445, 5409
Point 1591
4017, 3113
Point 1592
9447, 8083
Point 1593
5330, 5823
Point 1594
3830, 909
Point 1595
4353, 8156
Point 1596
4455, 7884
Point 1597
6634, 3883
Point 1598
6081, 7004
Point 1599
8927, 4910
Point 1600
26, 3254
Point 1601
2100, 8191
Point 1602
7134, 8755
Point 1603
7031, 8410
Point 1604
4794, 2328
Point 1605
3302, 4174
Point 1606
5060, 8076
Point 1607
9384, 6703
Point 1608
9943, 144
Point 1609
4764, 6443
Point 1610
6875, 8702
Point 1611
8982, 4874
Point 1612
2019, 457
Point 1613
9912, 5879
Point 1614
1606, 5470
Point 1615
3788, 3481
Point 1616
1818, 934
Point 1617
2457, 511
Point 1618
5860, 1700
Point 1619
9102, 5795
Point 1620
2811, 6793
Point 1621
2345, 5858
Point 1622
6606, 968
Point 1623
9976, 781
Point 1624
5085, 404
Point 1625
7853, 2890
Point 1626
8396, 2058
Point 1627
6518, 1207
Point 1628
3284, 6914
Point 1629
7938, 4273
Point 1630
4763, 8379
Point 1631
7445, 8819
Point 1632
9518, 8412
Point 1633
1446, 2071
Point 1634
6014, 5645
Point 1635
9719, 980
Point 1636
4720, 1686
Point 1637
2277, 2560
Point 1638
8146, 4098
Point 1639
4637, 5702
Point 1640
4428, 7113
Point 1641
2109, 6317
Point 1642
112, 4065
Point 1643
3220, 4466
Point 1644
7467, 8708
Point 1645
4782, 4262
Point 1646
9165, 6145
Point 1647
6242, 4762
Point 1648
8512, 7893
Point 1649
8949, 2795
Point 1650
6506, 9805
Point 1651
6771, 6752
Point 1652
8000, 5993
Point 1653
8081, 3713
Point 1654
7957, 6681
Point 1655
5553, 977
Point 1656
5379, 3036
Point 1657
9450, 7059
Point 1658
6897, 7369
Point 1659
2104, 6512
Point 1660
4155, 2867
Point 1661
6168, 7568
Point 1662
9181, 3000
Point 1663
6858, 1500
Point 1664
9734, 7119
Point 1665
8904, 7883
Point 1666
2257, 5378
Point 1667
2217, 458
Point 1668
3514, 3103
Point 1669
6360, 4190
Point 1670
3238, 1991
Point 1671
2866, 5288
Point 1672
9222, 3123
Point 1673
6131, 2450
Point 1674
3119, 4653
Point 1675
8194, 9396
Point 1676
9962, 5278
Point 1677
30, 5886
Point 1678
6896, 3093
Point 1679
2178, 6833
Point 1680
6947, 8285
Point 1681
490, 6886
Point 1682
1791, 7273
Point 1683
8577, 883
Point 1684
3410, 5354
Point 1685
7143, 8995
Point 1686
8329, 4708
Point 1687
1795, 8995
Point 1688
9644, 4667
Point 1689
5175, 7150
Point 1690
1476, 1609
Point 1691
6259, 3487
Point 1692
7674, 6489
Point 1693
9568, 6829
Point 1694
1578, 9101
Point 1695
9663, 9933
Point 1696
6519, 9454
Point 1697
1807, 5276
Point 1698
7316, 8337
Point 1699
7932, 7641
Point 1700
1526, 1072
Point 1701
8190, 464
Point 1702
5418, 775
Point 1703
2259, 9144
Point 1704
3758, 9979
Point 1705
1306, 5964
Point 1706
4337, 2422
Point 1707
1062, 8111
Point 1708
7903, 9989
Point 1709
8805, 2381
Point 1710
1641, 3323
Point 1711
2216, 7599
Point 1712
9691, 8473
Point 1713
6059, 8523
Point 1714
7319, 6087
Point 1715
3412, 3055
Point 1716
6286, 4110
Point 1717
1803, 7963
Point 1718
7756, 9751
Point 1719
989, 6981
Point 1720
5631, 1546
Point 1721
8376, 9166
Point 1722
7576, 7749
Point 1723
100, 4686
Point 1724
3236, 3006
Point 1725
646, 9838
Point 1726
9102, 1290
Point 1727
1554, 3024
Point 1728
7362, 9389
Point 1729
233, 8660
Point 1730
1649, 1938
Point 1731
3194, 6544
Point 1732
6101, 5893
Point 1733
4128, 81
Point 1734
5372, 9666
Point 1735
6154, 7958
Point 1736
2309, 9704
Point 1737
9304, 321
Point 1738
6914, 5192
Point 1739
8852, 2355
Point 1740
4884, 9797
Point 1741
7431, 5259
Point 1742
6553, 7868
Point 1743
4076, 7049
Point 1744
7357, 1366
Point 1745
6285, 3364
Point 1746
9106, 2927
Point 1747
6995, 1508
Point 1748
7273, 9955
Point 1749
6964, 9333
Point 1750
3283, 4372
Point 1751
4475, 4246
Point 1752
2342, 2800
Point 1753
8502, 6606
Point 1754
6753, 2284
Point 1755
8522, 6120
Point 1756
1837, 7435
Point 1757
3994, 9412
Point 1758
6616, 5859
Point 1759
9230, 1925
Point 1760
4206, 99
Point 1761
4817, 7520
Point 1762
7530, 5949
Point 1763
5065, 4712
Point 1764
4389, 8984
Point 1765
2068, 9353
Point 1766
2207, 3397
Point 1767
847, 9740
Point 1768
6809, 9857
Point 1769
6809, 1635
Point 1770
1518, 1960
Point 1771
6281, 7480
Point 1772
2509, 4105
Point 1773
3219, 6221
Point 1774
3909, 7106
Point 1775
389, 7572
Point 1776
1418, 1733
Point 1777
1262, 7298
Point 1778
6388, 4478
Point 1779
9684, 8171
Point 1780
3229, 4359
Point 1781
7965, 4592
Point 1782
1779, 4300
Point 1783
458, 7576
Point 1784
2844, 5743
Point 1785
8922, 777
Point 1786
9490, 542
Point 1787
8015, 7562
Point 1788
8890, 9893
Point 1789
4097, 3715
Point 1790
9509, 6098
Point 1791
8210, 339
Point 1792
6258, 9276
Point 1793
4563, 6724
Point 1794
1863, 7799
Point 1795
9152, 3535
Point 1796
6158, 8194
Point 1797
9252, 2518
Point 1798
6260, 7524
Point 1799
3407, 132
Point 1800
9661, 8838
Point 1801
3326, 8983
Point 1802
9150, 8212
Point 1803
3564, 2759
Point 1804
3200, 76
Point 1805
2281, 7472
Point 1806
7917, 6070
Point 1807
6513, 4265
Point 1808
7021, 1518
Point 1809
8358, 6754
Point 1810
4440, 2739
Point 1811
4289, 8973
Point 1812
34, 7880
Point 1813
8402, 8307
Point 1814
2753, 3747
Point 1815
1824, 1545
Point 1816
7078, 1194
Point 1817
4731, 1106
Point 1818
8011, 1996
Point 1819
4471, 2864
Point 1820
7034, 915
Point 1821
3144, 6571
Point 1822
6514, 7608
Point 1823
643, 4837
Point 1824
2806, 4444
Point 1825
4658, 6843
Point 1826
8995, 7892
Point 1827
7421, 8558
Point 1828
6605, 3119
Point 1829
77, 2050
Point 1830
1912, 3742
Point 1831
9488, 2719
Point 1832
6546, 1207
Point 1833
8996, 4722
Point 1834
3958, 1239
Point 1835
4225, 1702
Point 1836
3016, 7945
Point 1837
7337, 2034
Point 1838
7532, 9755
Point 1839
8343, 5251
Point 1840
5796, 5152
Point 1841
32, 9020
Point 1842
7384, 346
Point 1843
3884, 4153
Point 1844
5407, 5475
Point 1845
7932, 8440
Point 1846
1160, 721
Point 1847
3948, 8832
Point 1848
4672, 8782
Point 1849
567, 5455
Point 1850
9087, 5581
Point 1851
1002, 268
Point 1852
8948, 6765
Point 1853
8844, 7777
Point 1854
2513, 3611
Point 1855
3123, 5170
Point 1856
6028, 8268
Point 1857
4284, 4458
Point 1858
3527, 4916
Point 1859
6008, 9794
Point 1860
9170, 407
Point 1861
3917, 8976
Point 1862
398, 5197
Point 1863
1139, 9347
Point 1864
9244, 2997
Point 1865
2406, 4796
Point 1866
6044, 5443
Point 1867
2914, 2361
Point 1868
4460, 6330
Point 1869
5536, 4056
Point 1870
9271, 8438
Point 1871
125, 1986
Point 1872
8673, 4862
Point 1873
1642, 2548
Point 1874
1002, 5871
Point 1875
9620, 8577
Point 1876
1714, 1815
Point 1877
91, 6658
Point 1878
220, 2334
Point 1879
2507, 524
Point 1880
7757, 2267
Point 1881
8423, 429
Point 1882
6857, 4999
Point 1883
5749, 2719
Point 1884
162, 4745
Point 1885
2235, 3414
Point 1886
1356, 265
Point 1887
4499, 4579
Point 1888
3806, 3866
Point 1889
4430, 2472
Point 1890
3127, 1162
Point 1891
3032, 2038
Point 1892
8351, 9077
Point 1893
2925, 3184
Point 1894
2624, 1800
Point 1895
4622, 428
Point 1896
8439, 7018
Point 1897
8407, 9051
Point 1898
4282, 7657
Point 1899
3218, 7652
Point 1900
9293, 7548
Point 1901
6262, 9129
Point 1902
20, 2988
Point 1903
2267, 9576
Point 1904
8689, 5987
Point 1905
9260, 7272
Point 1906
5551, 9148
Point 1907
8538, 2046
Point 1908
8783, 6595
Point 1909
107, 8649
Point 1910
4228, 121
Point 1911
1298, 6438
Point 1912
3776, 4845
Point 1913
5457, 1695
Point 1914
5635, 4038
Point 1915
9696, 8177
Point 1916
1872, 8512
Point 1917
5499, 6161
Point 1918
8672, 1977
Point 1919
3692, 112
Point 1920
2539, 125
Point 1921
5705, 426
Point 1922
1341, 7830
Point 1923
6407, 5178
Point 1924
2509, 5830
Point 1925
9852, 3739
Point 1926
1977, 5535
Point 1927
8217, 5259
Point 1928
6536, 8181
Point 1929
5919, 1549
Point 1930
9130, 2453
Point 1931
5469, 5658
Point 1932
1348, 2924
Point 1933
8947, 4597
Point 1934
9849, 176
Point 1935
9151, 7087
Point 1936
3806, 2289
Point 1937
7485, 4917
Point 1938
8572, 6574
Point 1939
1379, 9612
Point 1940
6717, 9847
Point 1941
2708, 4431
Point 1942
1364, 5347
Point 1943
42, 5430
Point 1944
8297, 4464
Point 1945
1808, 4286
Point 1946
2722, 1882
Point 1947
4479, 9931
Point 1948
3751, 3388
Point 1949
9775, 5605
Point 1950
4676, 6711
Point 1951
7502, 2931
Point 1952
9952, 7012
Point 1953
6149, 4810
Point 1954
410, 345
Point 1955
1656, 4507
Point 1956
6690, 358
Point 1957
5859, 9192
Point 1958
7136, 5777
Point 1959
42, 2333
Point 1960
470, 8802
Point 1961
5750, 878
Point 1962
5440, 7453
Point 1963
4564, 9948
Point 1964
9341, 8106
Point 1965
886, 9871
Point 1966
4827, 7990
Point 1967
6950, 7858
Point 1968
9721, 1268
Point 1969
7253, 9316
Point 1970
7706, 6430
Point 1971
399, 1889
Point 1972
8704, 7255
Point 1973
9937, 8669
Point 1974
6511, 4320
Point 1975
2204, 5704
Point 1976
7827, 9138
Point 1977
8405, 2923
Point 1978
1224, 8422
Point 1979
205, 6907
Point 1980
6761, 1674
Point 1981
2968, 8557
Point 1982
6991, 1308
Point 1983
8423, 8630
Point 1984
7915, 886
Point 1985
9047, 9374
Point 1986
4077, 3669
Point 1987
9722, 1037
Point 1988
5430, 661
Point 1989
8326, 7896
Point 1990
4888, 4598
Point 1991
5860, 9646
Point 1992
4523, 3917
Point 1993
8405, 466
Point 1994
5270, 8647
Point 1995
7771, 9888
Point 1996
9684, 8373
Point 1997
5051, 6739
Point 1998
9831, 948
Point 1999
1434, 9813
Point 2000
2676, 9470
Point 2001
3652, 6717
Point 2002
3502, 4187
Point 2003
7183, 5365
Point 2004
3832, 5464
Point 2005
8967, 982
Point 2006
4062, 3710
Point 2007
2800, 5132
Point 2008
2624, 2254
Point 2009
4781, 2320
Point 2010
2858, 9572
Point 2011
3260, 3987
Point 2012
5966, 7960
Point 2013
7565, 9362
Point 2014
3452, 6790
Point 2015
2457, 7542
Point 2016
5250, 9810
Point 2017
744, 5444
Point 2018
403, 7614
Point 2019
4782, 1811
Point 2020
5571, 8360
Point 2021
8669, 8316
Point 2022
2936, 2088
Point 2023
6895, 5019
Point 2024
3132, 6596
Point 2025
1899, 8891
Point 2026
700, 5701
Point 2027
2546, 953
Point 2028
9297, 3956
Point 2029
7897, 9682
Point 2030
1359, 5408
Point 2031
5788, 5775
Point 2032
2275, 7803
Point 2033
3734, 6098
Point 2034
2236, 7823
Point 2035
452, 2716
Point 2036
9901, 7394
Point 2037
9909, 6259
Point 2038
735, 5852
Point 2039
6214, 1558
Point 2040
9508, 7892
Point 2041
6887, 7499
Point 2042
769, 2579
Point 2043
4121, 2318
Point 2044
3347, 4441
Point 2045
8445, 214
Point 2046
4924, 3679
Point 2047
6923, 5056
Point 2048
545, 8864
Point 2049
8451, 2231
Point 2050
4579, 2152
Point 2051
2056, 215
Point 2052
9073, 4002
Point 2053
148, 9343
Point 2054
2717, 1659
Point 2055
7642, 6402
Point 2056
3702, 3254
Point 2057
9571, 198
Point 2058
6643, 7270
Point 2059
4342, 5038
Point 2060
8421, 5343
Point 2061
7180, 6182
Point 2062
344, 4883
Point 2063
8420, 3776
Point 2064
4294, 6848
Point 2065
4325, 9481
Point 2066
8718, 3135
Point 2067
3880, 3117
Point 2068
6234, 7552
Point 2069
3628, 4970
Point 2070
8387, 4064
Point 2071
4005, 3117
Point 2072
4675, 6130
Point 2073
4902, 4103
Point 2074
2339, 1335
Point 2075
5171, 9622
Point 2076
609, 6227
Point 2077
695, 1465
Point 2078
8110, 7308
Point 2079
8273, 1929
Point 2080
4966, 5459
Point 2081
8064, 7144
Point 2082
1736, 2730
Point 2083
5626, 6292
Point 2084
5826, 2383
Point 2085
5684, 607
Point 2086
2209, 5364
Point 2087
3682, 2192
Point 2088
9424, 8964
Point 2089
7894, 4209
Point 2090
3656, 6313
Point 2091
4424, 773
Point 2092
3432, 8592
Point 2093
9768, 7040
Point 2094
4966, 5352
Point 2095
778, 7374
Point 2096
3494, 2173
Point 2097
9841, 2244
Point 2098
9104, 9049
Point 2099
3906, 2556
Point 2100
6490, 7347
Point 2101
9551, 3481
Point 2102
6822, 7960
Point 2103
2728, 8546
Point 2104
6510, 8364
Point 2105
1048, 8711
Point 2106
2004, 1693
Point 2107
8510, 515
Point 2108
1998, 6655
Point 2109
7417, 1938
Point 2110
8370, 3129
Point 2111
9903, 4595
Point 2112
5072, 4647
Point 2113
1971, 6106
Point 2114
9763, 5583
Point 2115
6240, 7052
Point 2116
6463, 7852
Point 2117
5669, 2785
Point 2118
8749, 9205
Point 2119
9491, 1542
Point 2120
2080, 2769
Point 2121
4289, 6833
Point 2122
753, 5402
Point 2123
7681, 3835
Point 2124
9649, 648
Point 2125
9455, 6684
Point 2126
3463, 572
Point 2127
5158, 5959
Point 2128
6433, 9643
Point 2129
98, 3429
Point 2130
3715, 2934
Point 2131
7546, 4143
Point 2132
1480, 399
Point 2133
3487, 4363
Point 2134
6610, 8760
Point 2135
1736, 7493
Point 2136
8396, 2613
Point 2137
7399, 9144
Point 2138
4062, 6776
Point 2139
3769, 6813
Point 2140
7113, 2604
Point 2141
7547, 9245
Point 2142
2526, 2033
Point 2143
9964, 5480
Point 2144
5625, 4436
Point 2145
6871, 3860
Point 2146
2112, 3043
Point 2147
9134, 6787
Point 2148
5173, 9628
Point 2149
5777, 7920
Point 2150
1839, 8448
Point 2151
6257, 4675
Point 2152
4859, 2994
Point 2153
4940, 383
Point 2154
8221, 2040
Point 2155
437, 7259
Point 2156
4153, 4652
Point 2157
4769, 3481
Point 2158
6946, 7393
Point 2159
2520, 5072
Point 2160
4281, 735
Point 2161
8128, 6062
Point 2162
9842, 5915
Point 2163
203, 8429
Point 2164
1974, 7854
Point 2165
5432, 6707
Point 2166
1893, 4604
Point 2167
1001, 834
Point 2168
1533, 8837
Point 2169
3697, 4782
Point 2170
5488, 2289
Point 2171
5920, 7848
Point 2172
3717, 9806
Point 2173
3661, 91
Point 2174
1678, 5657
Point 2175
9177, 3316
Point 2176
2402, 1099
Point 2177
1579, 4290
Point 2178
618, 8854
Point 2179
1834, 7381
Point 2180
2511, 7111
Point 2181
4780, 9729
Point 2182
5965, 2934
Point 2183
9687, 3198
Point 2184
5171, 2562
Point 2185
2600, 3886
Point 2186
427, 3965
Point 2187
8267, 1753
Point 2188
8591, 5255
Point 2189
6788, 56
Point 2190
2209, 1068
Point 2191
301, 6714
Point 2192
5628, 7850
Point 2193
7986, 7460
Point 2194
4564, 8186
Point 2195
3484, 3711
Point 2196
1515, 3694
Point 2197
7386, 6435
Point 2198
3200, 5864
Point 2199
8923, 984
Point 2200
7743, 4248
Point 2201
5163, 6877
Point 2202
8746, 1835
Point 2203
3090, 781
Point 2204
549, 8158
Point 2205
9793, 593
Point 2206
4018, 1699
Point 2207
8645, 3451
Point 2208
5012, 4492
Point 2209
4845, 724
Point 2210
8305, 3488
Point 2211
1979, 8625
Point 2212
8214, 5195
Point 2213
2359, 3918
Point 2214
3405, 2394
Point 2215
7826, 411
Point 2216
7457, 4301
Point 2217
4410, 3396
Point 2218
8634, 4470
Point 2219
3805, 6007
Point 2220
2000, 3930
Point 2221
6955, 3597
Point 2222
4544, 567
Point 2223
221, 9656
Point 2224
9300, 9624
Point 2225
2567, 9543
Point 2226
7556, 4319
Point 2227
3009, 6352
Point 2228
9237, 52
Point 2229
1162, 6613
Point 2230
262, 455
Point 2231
142, 2208
Point 2232
2289, 8620
Point 2233
310, 8864
Point 2234
4601, 2225
Point 2235
4375, 911
Point 2236
140, 7036
Point 2237
9245, 6590
Point 2238
7642, 9228
Point 2239
7664, 8161
Point 2240
9701, 3360
Point 2241
3162, 6256
Point 2242
2205, 9448
Point 2243
5125, 8528
Point 2244
4011, 9581
Point 2245
6915, 8492
Point 2246
7044, 1759
Point 2247
8865, 1623
Point 2248
6003, 6261
Point 2249
9708, 2307
Point 2250
3813, 7714
Point 2251
4558, 7009
Point 2252
3606, 4282
Point 2253
4884, 6170
Point 2254
551, 3888
Point 2255
6105, 9759
Point 2256
7170, 6241
Point 2257
1417, 9153
Point 2258
3905, 8581
Point 2259
6227, 1085
Point 2260
2668, 2524
Point 2261
6203, 7765
Point 2262
4822, 9153
Point 2263
3353, 936
Point 2264
6682, 9605
Point 2265
8755, 6674
Point 2266
4932, 8791
Point 2267
7649, 1991
Point 2268
1622, 605
Point 2269
2398, 3956
Point 2270
3357, 4000
Point 2271
1537, 6967
Point 2272
2173, 654
Point 2273
8581, 4050
Point 2274
6163, 6590
Point 2275
2563, 3631
Point 2276
6437, 2086
Point 2277
3384, 4071
Point 2278
3185, 6472
Point 2279
8952, 4463
Point 2280
7749, 7023
Point 2281
7842, 1663
Point 2282
9454, 4030
Point 2283
722, 355
Point 2284
5649, 7365
Point 2285
6177, 5035
Point 2286
953, 3372
Point 2287
1688, 280
Point 2288
6971, 4746
Point 2289
8545, 8358
Point 2290
6923, 244
Point 2291
223, 1335
Point 2292
550, 5480
Point 2293
7392, 8183
Point 2294
3446, 898
Point 2295
9113, 6072
Point 2296
1497, 8044
Point 2297
9030, 9044
Point 2298
5545, 700
Point 2299
7379, 6540
Point 2300
3540, 3136
Point 2301
4528, 8912
Point 2302
7503, 3767
Point 2303
9386, 6940
Point 2304
394, 8843
Point 2305
6523, 7658
Point 2306
3657, 7432
Point 2307
9129, 9316
Point 2308
9643, 5962
Point 2309
1047, 4198
Point 2310
4362, 7805
Point 2311
11, 9190
Point 2312
5109, 1017
Point 2313
5983, 476
Point 2314
4380, 5245
Point 2315
2989, 563
Point 2316
6187, 6994
Point 2317
236, 2953
Point 2318
3406, 1012
Point 2319
8431, 2187
Point 2320
5111, 4360
Point 2321
236, 4771
Point 2322
954, 8897
Point 2323
9536, 9523
Point 2324
5650, 7379
Point 2325
2862, 4240
Point 2326
339, 8117
Point 2327
7663, 9312
Point 2328
9187, 3280
Point 2329
6398, 7834
Point 2330
8983, 6263
Point 2331
2437, 6154
Point 2332
6670, 4313
Point 2333
3616, 8338
Point 2334
4758, 3594
Point 2335
1964, 3022
Point 2336
7412, 5224
Point 2337
3590, 1332
Point 2338
605, 2463
Point 2339
1018, 122
Point 2340
8212, 1202
Point 2341
1346, 5655
Point 2342
2153, 8164
Point 2343
7548, 9011
Point 2344
8776, 3826
Point 2345
6938, 6030
Point 2346
5561, 9984
Point 2347
364, 1386
Point 2348
1911, 5052
Point 2349
8074, 8502
Point 2350
5314, 3769
Point 2351
3334, 4469
Point 2352
9479, 1786
Point 2353
2863, 1860
Point 2354
4193, 9762
Point 2355
3968, 7383
Point 2356
7570, 6077
Point 2357
1813, 707
Point 2358
155, 2029
Point 2359
6730, 5450
Point 2360
6890, 8469
Point 2361
663, 8336
Point 2362
7344, 8250
Point 2363
3913, 1818
Point 2364
6824, 4549
Point 2365
8161, 87
Point 2366
952, 1165
Point 2367
9468, 8332
Point 2368
4164, 7238
Point 2369
5381, 333
Point 2370
8180, 5463
Point 2371
3593, 58
Point 2372
9970, 9857
Point 2373
5691, 8775
Point 2374
9992, 6409
Point 2375
8468, 388
Point 2376
537, 7508
Point 2377
6962, 4204
Point 2378
922, 8991
Point 2379
7974, 6122
Point 2380
961, 6809
Point 2381
130, 6388
Point 2382
6638, 8883
Point 2383
6743, 4454
Point 2384
2264, 6529
Point 2385
703, 9259
Point 2386
1495, 9001
Point 2387
6400, 6274
Point 2388
5561, 4147
Point 2389
2324, 1056
Point 2390
811, 7961
Point 2391
9346, 2695
Point 2392
9245, 5895
Point 2393
3984, 9590
Point 2394
5086, 9204
Point 2395
2927, 4222
Point 2396
7668, 298
Point 2397
4993, 3298
Point 2398
5883, 2102
Point 2399
9352, 4481
Point 2400
2294, 7780
Point 2401
4300, 1248
Point 2402
5622, 8807
Point 2403
9202, 2912
Point 2404
8797, 1346
Point 2405
3280, 7753
Point 2406
5981, 3162
Point 2407
8884, 3356
Point 2408
6087, 5900
Point 2409
3570, 9775
Point 2410
2160, 435
Point 2411
4884, 7928
Point 2412
5732, 6232
Point 2413
4078, 7758
Point 2414
2713, 9183
Point 2415
172, 8116
Point 2416
2764, 6202
Point 2417
3742, 3084
Point 2418
7188, 9034
Point 2419
600, 7494
Point 2420
1336, 4184
Point 2421
9160, 7782
Point 2422
6299, 659
Point 2423
1660, 2984
Point 2424
1205, 2279
Point 2425
8685, 4690
Point 2426
1845, 6750
Point 2427
8439, 4071
Point 2428
3532, 9367
Point 2429
7085, 8705
Point 2430
6125, 5273
Point 2431
4138, 1885
Point 2432
6958, 512
Point 2433
7372, 2298
Point 2434
3051, 8785
Point 2435
4988, 2566
Point 2436
7442, 7768
Point 2437
8903, 960
Point 2438
5705, 6122
Point 2439
1930, 1829
Point 2440
7840, 9937
Point 2441
3349, 6736
Point 2442
7554, 5224
Point 2443
1906, 134
Point 2444
5691, 1295
Point 2445
2643, 515
Point 2446
7057, 8405
Point 2447
4107, 390
Point 2448
201, 1845
Point 2449
5495, 6242
Point 2450
7887, 3846
Point 2451
9039, 2586
Point 2452
1882, 4120
Point 2453
1592, 2710
Point 2454
9496, 9600
Point 2455
747, 2289
Point 2456
850, 4096
Point 2457
5070, 1105
Point 2458
5247, 8909
Point 2459
5067, 2395
Point 2460
2224, 6229
Point 2461
1366, 8953
Point 2462
7843, 8107
Point 2463
9231, 76
Point 2464
9643, 5175
Point 2465
4054, 3656
Point 2466
4279, 910
Point 2467
703, 3307
Point 2468
333, 9218
Point 2469
762, 1254
Point 2470
5039, 5375
Point 2471
5579, 3917
Point 2472
7742, 2960
Point 2473
9773, 8606
Point 2474
4777, 2321
Point 2475
9415, 6553
Point 2476
190, 9298
Point 2477
1410, 9623
Point 2478
4184, 6500
Point 2479
5823, 5484
Point 2480
6529, 3229
Point 2481
815, 8746
Point 2482
5304, 4306
Point 2483
701, 3660
Point 2484
2273, 2539
Point 2485
1206, 7312
Point 2486
4982, 4309
Point 2487
2426, 936
Point 2488
2194, 2883
Point 2489
9234, 985
Point 2490
3718, 9412
Point 2491
895, 868
Point 2492
7842, 7335
Point 2493
6532, 8910
Point 2494
9605, 1906
Point 2495
729, 8016
Point 2496
978, 2904
Point 2497
4047, 7753
Point 2498
9621, 5231
Point 2499
6518, 142
Point 2500
6392, 9096
Point 2501
8279, 6295
Point 2502
2968, 8708
Point 2503
446, 2240
Point 2504
83, 6032
Point 2505
1012, 8746
Point 2506
3711, 4052
Point 2507
5156, 1794
Point 2508
1276, 2171
Point 2509
6642, 7430
Point 2510
2420, 4948
Point 2511
7195, 7191
Point 2512
9253, 4179
Point 2513
3705, 8027
Point 2514
9061, 3474
Point 2515
8898, 3698
Point 2516
8482, 3986
Point 2517
9712, 3012
Point 2518
1848, 9665
Point 2519
9067, 3913
Point 2520
8006, 556
Point 2521
878, 1476
Point 2522
9298, 3008
Point 2523
5287, 2114
Point 2524
3583, 6425
Point 2525
862, 5977
Point 2526
5195, 7157
Point 2527
3236, 4408
Point 2528
3543, 1537
Point 2529
5111, 9596
Point 2530
8711, 1648
Point 2531
837, 9108
Point 2532
1846, 9422
Point 2533
9911, 8855
Point 2534
4394, 6922
Point 2535
7609, 4234
Point 2536
4311, 3248
Point 2537
7749, 666
Point 2538
9260, 1421
Point 2539
2066, 1576
Point 2540
6502, 1793
Point 2541
3085, 3971
Point 2542
6711, 2071
Point 2543
2509, 9204
Point 2544
4235, 7877
Point 2545
5133, 9244
Point 2546
9505, 1916
Point 2547
9080, 6869
Point 2548
192, 4282
Point 2549
6765, 1507
Point 2550
6510, 1217
Point 2551
7405, 1187
Point 2552
2616, 4717
Point 2553
1118, 5032
Point 2554
454, 784
Point 2555
6700, 24
Point 2556
4564, 9844
Point 2557
26, 404
Point 2558
6424, 8843
Point 2559
7677, 8012
Point 2560
4688, 931
Point 2561
873, 7078
Point 2562
3312, 5221
Point 2563
8112, 7585
Point 2564
3039, 6146
Point 2565
958, 7131
Point 2566
2948, 9143
Point 2567
6417, 2470
Point 2568
7842, 7048
Point 2569
987, 8342
Point 2570
4156, 9422
Point 2571
6074, 3038
Point 2572
1746, 5304
Point 2573
1786, 7287
Point 2574
1435, 8343
Point 2575
6279, 5424
Point 2576
8512, 2180
Point 2577
843, 5603
Point 2578
519, 3015
Point 2579
6652, 8844
Point 2580
3612, 5836
Point 2581
7770, 5073
Point 2582
5519, 497
Point 2583
6357, 8010
Point 2584
4730, 3971
Point 2585
298, 9729
Point 2586
4891, 5470
Point 2587
494, 66
Point 2588
623, 1852
Point 2589
4901, 5600
Point 2590
5944, 1760
Point 2591
9105, 7950
Point 2592
9339, 8271
Point 2593
8646, 1291
Point 2594
127, 1486
Point 2595
6650, 4609
Point 2596
9246, 4462
Point 2597
1383, 5058
Point 2598
3808, 8136
Point 2599
2304, 4964
Point 2600
8874, 3529
Point 2601
9866, 6526
Point 2602
1779, 2352
Point 2603
3926, 5056
Point 2604
4016, 412
Point 2605
7904, 3734
Point 2606
3220, 1707
Point 2607
1056, 277
Point 2608
3103, 4930
Point 2609
9164, 8659
Point 2610
2333, 8287
Point 2611
4779, 7102
Point 2612
4287, 2956
Point 2613
1695, 6883
Point 2614
8381, 331
Point 2615
4826, 5237
Point 2616
241, 3239
Point 2617
5807, 9576
Point 2618
2366, 6756
Point 2619
6748, 9597
Point 2620
9143, 9939
Point 2621
9381, 8446
Point 2622
60, 5825
Point 2623
4520, 4028
Point 2624
2813, 3384
Point 2625
7234, 6837
Point 2626
3618, 1764
Point 2627
6430, 1186
Point 2628
5486, 4120
Point 2629
3619, 2622
Point 2630
6505, 5617
Point 2631
4599, 5487
Point 2632
9200, 7762
Point 2633
9473, 1061
Point 2634
8967, 9120
Point 2635
988, 8549
Point 2636
4269, 713
Point 2637
8524, 8297
Point 2638
3753, 2884
Point 2639
5239, 9024
Point 2640
5828, 9270
Point 2641
8831, 8641
Point 2642
4337, 2687
Point 2643
2205, 1251
Point 2644
9909, 7162
Point 2645
8891, 1315
Point 2646
359, 152
Point 2647
9523, 9637
Point 2648
5044, 9066
Point 2649
9885, 4825
Point 2650
7501, 6602
Point 2651
8071, 8180
Point 2652
7857, 132
Point 2653
8192, 9608
Point 2654
1542, 1389
Point 2655
677, 7041
Point 2656
3633, 4054
Point 2657
4751, 2144
Point 2658
8808, 8476
Point 2659
6914, 600
Point 2660
5331, 4739
Point 2661
380, 6172
Point 2662
7742, 7564
Point 2663
4344, 3884
Point 2664
7019, 9096
Point 2665
8657, 9191
Point 2666
8828, 8565
Point 2667
9063, 6798
Point 2668
218, 998
Point 2669
465, 4901
Point 2670
2590, 685
Point 2671
892, 8073
Point 2672
4115, 8950
Point 2673
6790, 4752
Point 2674
7897, 9929
Point 2675
1064, 3333
Point 2676
3136, 2500
Point 2677
8893, 4266
Point 2678
5294, 1312
Point 2679
2772, 4206
Point 2680
7847, 4937
Point 2681
7439, 2289
Point 2682
2591, 4553
Point 2683
7415, 7890
Point 2684
7662, 2314
Point 2685
4702, 3850
Point 2686
2439, 4554
Point 2687
1902, 9090
Point 2688
6337, 1331
Point 2689
6429, 9774
Point 2690
4106, 454
Point 2691
4859, 8731
Point 2692
3722, 1121
Point 2693
2480, 8732
Point 2694
4201, 9532
Point 2695
2100, 6377
Point 2696
9751, 6479
Point 2697
7839, 9874
Point 2698
3551, 4767
Point 2699
4204, 5753
Point 2700
9147, 2569
Point 2701
8098, 6725
Point 2702
9974, 7327
Point 2703
1554, 5295
Point 2704
7814, 3647
Point 2705
6013, 5492
Point 2706
9162, 7794
Point 2707
4690, 8142
Point 2708
4396, 853
Point 2709
8243, 3464
Point 2710
8413, 2397
Point 2711
326, 8475
Point 2712
2983, 6588
Point 2713
3858, 5652
Point 2714
424, 3048
Point 2715
5884, 3632
Point 2716
5433, 5532
Point 2717
8736, 344
Point 2718
6888, 2480
Point 2719
7899, 3891
Point 2720
4290, 4843
Point 2721
2433, 6739
Point 2722
4107, 8257
Point 2723
2131, 4364
Point 2724
9779, 8559
Point 2725
6640, 314
Point 2726
5356, 1964
Point 2727
5765, 5889
Point 2728
6846, 3766
Point 2729
6824, 4097
Point 2730
7222, 2354
Point 2731
4524, 4350
Point 2732
726, 8546
Point 2733
1153, 6516
Point 2734
9643, 3742
Point 2735
52, 332
Point 2736
2011, 4272
Point 2737
3310, 8965
Point 2738
1882, 3443
Point 2739
5432, 3532
Point 2740
4705, 7256
Point 2741
8296, 8784
Point 2742
9144, 4535
Point 2743
9179, 8831
Point 2744
3223, 7320
Point 2745
2820, 5779
Point 2746
7087, 2737
Point 2747
553, 3449
Point 2748
6834, 3314
Point 2749
4387, 2987
Point 2750
3932, 8699
Point 2751
1568, 7090
Point 2752
2501, 8113
Point 2753
5673, 4814
Point 2754
2415, 9477
Point 2755
3515, 9502
Point 2756
9618, 8154
Point 2757
3303, 8230
Point 2758
6291, 5504
Point 2759
8383, 2346
Point 2760
2600, 5030
Point 2761
2617, 5184
Point 2762
8633, 1824
Point 2763
8009, 4820
Point 2764
9817, 9189
Point 2765
2538, 6896
Point 2766
1645, 4893
Point 2767
6310, 4912
Point 2768
9839, 8285
Point 2769
7144, 3192
Point 2770
214, 8731
Point 2771
2466, 733
Point 2772
8478, 5203
Point 2773
3035, 2554
Point 2774
3926, 6713
Point 2775
5378, 8822
Point 2776
2590, 3311
Point 2777
4107, 1033
Point 2778
4781, 7791
Point 2779
2275, 8839
Point 2780
9133, 8974
Point 2781
7826, 709
Point 2782
329, 8430
Point 2783
6817, 6577
Point 2784
432, 3867
Point 2785
9616, 845
Point 2786
4449, 4058
Point 2787
4531, 9678
Point 2788
9157, 2126
Point 2789
4446, 7405
Point 2790
504, 6308
Point 2791
5958, 2996
Point 2792
8964, 9880
Point 2793
7232, 9112
Point 2794
4097, 4848
Point 2795
332, 3004
Point 2796
9293, 7201
Point 2797
6145, 680
Point 2798
5150, 5081
Point 2799
5170, 3161
Point 2800
5292, 5008
Point 2801
5439, 6424
Point 2802
1542, 5517
Point 2803
9608, 4662
Point 2804
6342, 1966
Point 2805
6883, 9874
Point 2806
9023, 1087
Point 2807
1837, 9471
Point 2808
9169, 8926
Point 2809
1418, 7584
Point 2810
4633, 1212
Point 2811
3495, 5065
Point 2812
4010, 933
Point 2813
5121, 7788
Point 2814
3362, 3888
Point 2815
6369, 2793
Point 2816
4810, 9348
Point 2817
6098, 7065
Point 2818
257, 9603
Point 2819
9243, 4271
Point 2820
6933, 9124
Point 2821
1391, 691
Point 2822
2729, 1359
Point 2823
5264, 2719
Point 2824
8360, 8769
Point 2825
5506, 4822
Point 2826
261, 9589
Point 2827
2665, 8664
Point 2828
2849, 3046
Point 2829
4667, 1188
Point 2830
1262, 3264
Point 2831
4196, 1917
Point 2832
6034, 934
Point 2833
3397, 7455
Point 2834
9285, 978
Point 2835
3124, 4235
Point 2836
7947, 3902
Point 2837
2517, 8925
Point 2838
3337, 8295
Point 2839
6147, 9593
Point 2840
7920, 2033
Point 2841
182, 9723
Point 2842
9512, 151
Point 2843
6065, 1466
Point 2844
375, 8026
Point 2845
43, 4160
Point 2846
3657, 9600
Point 2847
9583, 9048
Point 2848
2442, 1631
Point 2849
3139, 1408
Point 2850
7331, 6693
Point 2851
8074, 6814
Point 2852
6914, 9543
Point 2853
2620, 9176
Point 2854
1740, 3780
Point 2855
1664, 4339
Point 2856
6491, 8308
Point 2857
2912, 4534
Point 2858
6915, 6013
Point 2859
9490, 5796
Point 2860
7810, 259
Point 2861
7409, 2553
Point 2862
5830, 8365
Point 2863
1488, 1038
Point 2864
6218, 5044
Point 2865
1307, 5934
Point 2866
5707, 2924
Point 2867
9546, 2681
Point 2868
4780, 1772
Point 2869
8676, 1280
Point 2870
1221, 2769
Point 2871
8390, 6102
Point 2872
3493, 9316
Point 2873
5370, 174
Point 2874
6834, 1215
Point 2875
9051, 1773
Point 2876
7175, 4818
Point 2877
1884, 5735
Point 2878
7994, 7714
Point 2879
259, 1831
Point 2880
3026, 2930
Point 2881
2751, 7817
Point 2882
3416, 4193
Point 2883
5616, 5308
Point 2884
1309, 835
Point 2885
1585, 2499
Point 2886
3168, 8140
Point 2887
6913, 8939
Point 2888
5154, 6578
Point 2889
3371, 4055
Point 2890
9806, 1199
Point 2891
6415, 2944
Point 2892
7949, 759
Point 2893
8100, 38
Point 2894
2264, 4587
Point 2895
3501, 3722
Point 2896
9290, 4117
Point 2897
2361, 2679
Point 2898
4738, 5105
Point 2899
3481, 7852
Point 2900
2978, 6044
Point 2901
7979, 2223
Point 2902
5287, 8048
Point 2903
8952, 4326
Point 2904
3036, 1581
Point 2905
9304, 406
Point 2906
1381, 5786
Point 2907
6552, 4419
Point 2908
6212, 6911
Point 2909
3263, 4708
Point 2910
2116, 3314
Point 2911
4453, 1121
Point 2912
1963, 5916
Point 2913
8756, 6559
Point 2914
9323, 4568
Point 2915
8447, 2537
Point 2916
3384, 2817
Point 2917
4525, 9163
Point 2918
2313, 5777
Point 2919
6979, 6171
Point 2920
5055, 8442
Point 2921
7063, 3095
Point 2922
3455, 4655
Point 2923
7981, 3507
Point 2924
6298, 164
Point 2925
2705, 348
Point 2926
4347, 6722
Point 2927
2849, 6810
Point 2928
809, 8042
Point 2929
463, 9984
Point 2930
4777, 2528
Point 2931
5427, 2540
Point 2932
6139, 2216
Point 2933
4734, 1053
Point 2934
9225, 2093
Point 2935
6335, 8319
Point 2936
9012, 9077
Point 2937
9477, 949
Point 2938
8113, 5325
Point 2939
5509, 2852
Point 2940
4949, 6263
Point 2941
7945, 9871
Point 2942
3544, 9732
Point 2943
8293, 703
Point 2944
3172, 9026
Point 2945
4595, 4540
Point 2946
1746, 9195
Point 2947
2936, 6376
Point 2948
273, 2992
Point 2949
8271, 6843
Point 2950
6956, 100
Point 2951
9851, 4569
Point 2952
8616, 861
Point 2953
8243, 5578
Point 2954
3962, 3629
Point 2955
5480, 6061
Point 2956
7959, 3099
Point 2957
7240, 1941
Point 2958
9043, 5469
Point 2959
6123, 1108
Point 2960
1256, 5134
Point 2961
8042, 1941
Point 2962
1510, 6769
Point 2963
9583, 4783
Point 2964
8134, 6121
Point 2965
2753, 1402
Point 2966
610, 2593
Point 2967
4968, 1176
Point 2968
2010, 6802
Point 2969
6358, 1700
Point 2970
4976, 6693
Point 2971
3516, 5848
Point 2972
9330, 6497
Point 2973
8649, 6925
Point 2974
4391, 3860
Point 2975
5785, 8480
Point 2976
1898, 1778
Point 2977
1141, 5610
Point 2978
6068, 3674
Point 2979
3065, 107
Point 2980
5788, 1853
Point 2981
8065, 2707
Point 2982
171, 1910
Point 2983
3353, 1864
Point 2984
2794, 8202
Point 2985
3049, 9957
Point 2986
1824, 8418
Point 2987
4763, 4662
Point 2988
2917, 8512
Point 2989
5583, 5339
Point 2990
9314, 2742
Point 2991
1700, 1692
Point 2992
8846, 7440
Point 2993
3867, 4744
Point 2994
723, 1281
Point 2995
1662, 8184
Point 2996
5921, 9243
Point 2997
3161, 1547
Point 2998
3718, 2286
Point 2999
3022, 5339
Point 3000
3555, 9821
Point 3001
1208, 2242
Point 3002
5718, 7456
Point 3003
6636, 7825
Point 3004
6585, 8215
Point 3005
4864, 8794
Point 3006
4173, 1462
Point 3007
6632, 6782
Point 3008
7530, 81
Point 3009
4511, 886
Point 3010
9177, 3143
Point 3011
8232, 2730
Point 3012
3236, 8201
Point 3013
5372, 3719
Point 3014
3138, 4706
Point 3015
2956, 5293
Point 3016
1889, 7551
Point 3017
7320, 9521
Point 3018
4744, 7689
Point 3019
4058, 9164
Point 3020
8854, 4987
Point 3021
7284, 3445
Point 3022
6933, 6983
Point 3023
7559, 8225
Point 3024
2342, 6060
Point 3025
859, 7004
Point 3026
1111, 6714
Point 3027
6705, 2221
Point 3028
2358, 4027
Point 3029
2212, 4722
Point 3030
2338, 4262
Point 3031
221, 2917
Point 3032
8926, 8573
Point 3033
3894, 2153
Point 3034
2703, 1205
Point 3035
7212, 9150
Point 3036
8051, 4308
Point 3037
658, 5936
Point 3038
2620, 2487
Point 3039
4042, 2682
Point 3040
6408, 1550
Point 3041
3880, 9055
Point 3042
2279, 7589
Point 3043
1073, 9278
Point 3044
8229, 4455
Point 3045
5687, 6958
Point 3046
7958, 2
Point 3047
9590, 1911
Point 3048
357, 4030
Point 3049
4401, 2714
Point 3050
447, 3782
Point 3051
1777, 5529
Point 3052
3960, 6052
Point 3053
5383, 1852
Point 3054
5291, 8477
Point 3055
9091, 5268
Point 3056
3867, 6452
Point 3057
3900, 63
Point 3058
7092, 6221
Point 3059
6890, 2555
Point 3060
9014, 9194
Point 3061
9099, 9428
Point 3062
2583, 7286
Point 3063
5656, 5994
Point 3064
9960, 4188
Point 3065
697, 1319
Point 3066
9719, 2862
Point 3067
1678, 6459
Point 3068
1974, 5271
Point 3069
2493, 6658
Point 3070
2491, 6382
Point 3071
2541, 8307
Point 3072
4642, 814
Point 3073
9292, 6691
Point 3074
3709, 7160
Point 3075
5264, 1123
Point 3076
1496, 1967
Point 3077
6355, 9929
Point 3078
459, 2638
Point 3079
7457, 8910
Point 3080
5625, 6104
Point 3081
2963, 3443
Point 3082
9489, 8030
Point 3083
4329, 6142
Point 3084
9744, 5495
Point 3085
4218, 9156
Point 3086
2218, 4662
Point 3087
6912, 2593
Point 3088
1718, 3747
Point 3089
7650, 8308
Point 3090
1621, 774
Point 3091
9349, 1352
Point 3092
8982, 5054
Point 3093
3769, 9750
Point 3094
5703, 1101
Point 3095
5593, 6943
Point 3096
7876, 3795
Point 3097
2130, 246
Point 3098
4794, 3995
Point 3099
8375, 2963
Point 3100
6331, 4515
Point 3101
7037, 7426
Point 3102
2385, 7407
Point 3103
5788, 1151
Point 3104
917, 4837
Point 3105
9476, 8567
Point 3106
1743, 7481
Point 3107
3343, 6298
Point 3108
1697, 6331
Point 3109
4376, 873
Point 3110
3016, 6090
Point 3111
1845, 3923
Point 3112
900, 897
Point 3113
4813, 1393
Point 3114
8073, 6067
Point 3115
3937, 121
Point 3116
3853, 2678
Point 3117
7239, 7272
Point 3118
2786, 5443
Point 3119
4677, 5494
Point 3120
3173, 8064
Point 3121
4357, 9476
Point 3122
9000, 4475
Point 3123
3978, 7586
Point 3124
9691, 8815
Point 3125
4733, 5665
Point 3126
898, 1745
Point 3127
1293, 8738
Point 3128
6075, 5839
Point 3129
744, 375
Point 3130
3007, 8133
Point 3131
5359, 8766
Point 3132
1638, 3678
Point 3133
8975, 3176
Point 3134
9554, 9939
Point 3135
4386, 4386
Point 3136
9310, 8220
Point 3137
9652, 7969
Point 3138
7413, 4960
Point 3139
4518, 9799
Point 3140
8234, 2698
Point 3141
4226, 9082
Point 3142
7358, 7787
Point 3143
6938, 5342
Point 3144
7986, 9503
Point 3145
2703, 2336
Point 3146
857, 3140
Point 3147
6448, 3631
Point 3148
2875, 7845
Point 3149
4820, 1739
Point 3150
2129, 8504
Point 3151
6888, 5101
Point 3152
7312, 9820
Point 3153
1669, 4977
Point 3154
7693, 9870
Point 3155
1249, 7358
Point 3156
5720, 9897
Point 3157
6880, 3359
Point 3158
8131, 6866
Point 3159
6818, 5267
Point 3160
2962, 5392
Point 3161
8948, 4391
Point 3162
9301, 6073
Point 3163
8219, 1172
Point 3164
3763, 7940
Point 3165
8824, 7633
Point 3166
2716, 3795
Point 3167
3693, 7179
Point 3168
2104, 8522
Point 3169
9349, 7004
Point 3170
7319, 2105
Point 3171
2478, 3908
Point 3172
4066, 1088
Point 3173
5661, 5212
Point 3174
7385, 4421
Point 3175
3630, 2630
Point 3176
92, 2298
Point 3177
8148, 8450
Point 3178
3772, 9428
Point 3179
9142, 196
Point 3180
5160, 7439
Point 3181
2073, 2041
Point 3182
8252, 4620
Point 3183
6714, 8692
Point 3184
7823, 5041
Point 3185
448, 197
Point 3186
3136, 3258
Point 3187
23, 4205
Point 3188
1610, 5248
Point 3189
9288, 5535
Point 3190
939, 1029
Point 3191
6846, 1644
Point 3192
4755, 9465
Point 3193
6815, 6538
Point 3194
1296, 1198
Point 3195
7883, 5002
Point 3196
6737, 1332
Point 3197
743, 3615
Point 3198
4866, 9539
Point 3199
1638, 4998
Point 3200
2596, 1568
Point 3201
216, 6918
Point 3202
6437, 2839
Point 3203
3210, 8498
Point 3204
8516, 1701
Point 3205
1534, 1594
Point 3206
1974, 7260
Point 3207
7336, 6629
Point 3208
4646, 4255
Point 3209
9235, 8623
Point 3210
6831, 5345
Point 3211
8550, 1010
Point 3212
3626, 9410
Point 3213
6658, 1913
Point 3214
4844, 2969
Point 3215
3796, 5
Point 3216
5815, 680
Point 3217
2583, 4817
Point 3218
552, 9
Point 3219
5364, 9414
Point 3220
4673, 4651
Point 3221
3039, 1729
Point 3222
9246, 1031
Point 3223
4484, 4521
Point 3224
8297, 2318
Point 3225
9899, 2931
Point 3226
2101, 4785
Point 3227
8436, 2903
Point 3228
5571, 2055
Point 3229
347, 3354
Point 3230
6091, 3792
Point 3231
6530, 9929
Point 3232
7912, 6763
Point 3233
3835, 8404
Point 3234
938, 7805
Point 3235
2807, 1347
Point 3236
93, 231
Point 3237
5609, 2547
Point 3238
7800, 7459
Point 3239
5808, 9880
Point 3240
6109, 253
Point 3241
8435, 8774
Point 3242
6939, 6861
Point 3243
8263, 5254
Point 3244
8578, 8532
Point 3245
6599, 9658
Point 3246
4092, 6448
Point 3247
2064, 9554
Point 3248
2635, 9923
Point 3249
8800, 3122
Point 3250
7762, 9872
Point 3251
6349, 2335
Point 3252
7812, 6039
Point 3253
9030, 8621
Point 3254
2178, 1214
Point 3255
9079, 2402
Point 3256
3870, 778
Point 3257
7042, 1868
Point 3258
3124, 1323
Point 3259
4929, 5665
Point 3260
9064, 7783
Point 3261
2521, 8800
Point 3262
6378, 4551
Point 3263
4872, 989
Point 3264
1821, 2404
Point 3265
9530, 1918
Point 3266
996, 9686
Point 3267
5284, 8452
Point 3268
9293, 3181
Point 3269
368, 4688
Point 3270
2141, 1374
Point 3271
6942, 6929
Point 3272
8786, 393
Point 3273
419, 2159
Point 3274
714, 809
Point 3275
6748, 402
Point 3276
513, 1712
Point 3277
8093, 8455
Point 3278
9489, 6981
Point 3279
7548, 4934
Point 3280
2675, 7504
Point 3281
6478, 4315
Point 3282
7997, 2289
Point 3283
3883, 690
Point 3284
2325, 810
Point 3285
5784, 347
Point 3286
872, 8778
Point 3287
4032, 5956
Point 3288
8004, 9548
Point 3289
8196, 4143
Point 3290
6889, 3819
Point 3291
1196, 2529
Point 3292
2618, 983
Point 3293
9228, 1942
Point 3294
8433, 6496
Point 3295
9174, 4434
Point 3296
7543, 993
Point 3297
2184, 7987
Point 3298
3603, 8512
Point 3299
389, 4343
Point 3300
1422, 3169
Point 3301
4830, 7251
Point 3302
5695, 5877
Point 3303
6596, 4642
Point 3304
9638, 5307
Point 3305
9867, 9687
Point 3306
7289, 199
Point 3307
5155, 2541
Point 3308
2938, 3305
Point 3309
3324, 6676
Point 3310
8653, 833
Point 3311
6191, 1141
Point 3312
6188, 5022
Point 3313
7457, 2829
Point 3314
2713, 1707
Point 3315
8509, 892
Point 3316
725, 9133
Point 3317
7266, 8812
Point 3318
1288, 9091
Point 3319
4610, 8324
Point 3320
6294, 6519
Point 3321
2224, 3356
Point 3322
9847, 9114
Point 3323
7659, 1501
Point 3324
1048, 4227
Point 3325
7325, 5113
Point 3326
488, 6308
Point 3327
5766, 4075
Point 3328
566, 4548
Point 3329
51, 7528
Point 3330
5380, 6975
Point 3331
1413, 2390
Point 3332
9401, 4247
Point 3333
2358, 2393
Point 3334
5391, 3662
Point 3335
6399, 2520
Point 3336
1097, 1475
Point 3337
9283, 231
Point 3338
1133, 9532
Point 3339
5135, 6675
Point 3340
5183, 425
Point 3341
8275, 8196
Point 3342
6135, 3924
Point 3343
1662, 882
Point 3344
2100, 6245
Point 3345
5855, 8639
Point 3346
4398, 2893
Point 3347
8223, 8349
Point 3348
9545, 5269
Point 3349
692, 4005
Point 3350
7026, 1005
Point 3351
5757, 5441
Point 3352
6212, 8084
Point 3353
4721, 6232
Point 3354
5186, 3196
Point 3355
9148, 9665
Point 3356
1398, 5498
Point 3357
6376, 1307
Point 3358
9116, 7974
Point 3359
2607, 1592
Point 3360
1457, 9920
Point 3361
2566, 2155
Point 3362
5390, 5743
Point 3363
3010, 5121
Point 3364
6582, 7209
Point 3365
8475, 5509
Point 3366
7202, 8563
Point 3367
1565, 3005
Point 3368
3876, 6532
Point 3369
6805, 941
Point 3370
4859, 111
Point 3371
6648, 7046
Point 3372
5209, 8257
Point 3373
543, 2707
Point 3374
6233, 7141
Point 3375
3164, 4885
Point 3376
821, 2430
Point 3377
5877, 7577
Point 3378
9393, 6242
Point 3379
6285, 7786
Point 3380
2160, 2875
Point 3381
4345, 4307
Point 3382
2134, 2164
Point 3383
9910, 6340
Point 3384
9916, 4452
Point 3385
5823, 2925
Point 3386
5648, 6513
Point 3387
2710, 3497
Point 3388
5750, 3513
Point 3389
6462, 4491
Point 3390
2042, 8106
Point 3391
7101, 6843
Point 3392
8673, 4098
Point 3393
8157, 4492
Point 3394
7951, 8770
Point 3395
8999, 4533
Point 3396
9559, 4907
Point 3397
8675, 5544
Point 3398
8955, 866
Point 3399
8705, 1799
Point 3400
9781, 4586
Point 3401
4019, 7556
Point 3402
2037, 5354
Point 3403
5780, 7440
Point 3404
2422, 5372
Point 3405
7146, 6028
Point 3406
5804, 1649
Point 3407
3256, 2215
Point 3408
7059, 7630
Point 3409
9630, 1640
Point 3410
697, 3094
Point 3411
9031, 3549
Point 3412
1588, 323
Point 3413
5383, 6805
Point 3414
3925, 4321
Point 3415
4807, 3467
Point 3416
7065, 4955
Point 3417
8021, 7337
Point 3418
6335, 9280
Point 3419
5420, 9172
Point 3420
4041, 3024
Point 3421
5994, 9915
Point 3422
957, 1251
Point 3423
3910, 8176
Point 3424
1375, 9529
Point 3425
2062, 8489
Point 3426
5447, 8607
Point 3427
186, 2401
Point 3428
984, 7560
Point 3429
6235, 5308
Point 3430
3148, 2619
Point 3431
3639, 8173
Point 3432
4529, 1524
Point 3433
3774, 4719
Point 3434
9, 6106
Point 3435
2552, 1503
Point 3436
490, 9036
Point 3437
2343, 420
Point 3438
7075, 4203
Point 3439
5655, 584
Point 3440
2632, 4011
Point 3441
4935, 9307
Point 3442
782, 1044
Point 3443
3687, 9923
Point 3444
3314, 6010
Point 3445
7656, 7607
Point 3446
5783, 8648
Point 3447
1304, 2998
Point 3448
7631, 3367
Point 3449
3971, 7428
Point 3450
7528, 6799
Point 3451
2198, 2885
Point 3452
6870, 140
Point 3453
9528, 4429
Point 3454
4331, 5204
Point 3455
2762, 2745
Point 3456
2241, 9424
Point 3457
4137, 9733
Point 3458
1142, 1720
Point 3459
2170, 597
Point 3460
2374, 8069
Point 3461
31, 1784
Point 3462
9759, 2945
Point 3463
9210, 5282
Point 3464
551, 333
Point 3465
7988, 6285
Point 3466
2698, 5953
Point 3467
8733, 3052
Point 3468
149, 527
Point 3469
5439, 4896
Point 3470
461, 2466
Point 3471
3055, 6667
Point 3472
9281, 7162
Point 3473
3138, 5849
Point 3474
4408, 9253
Point 3475
6180, 1441
Point 3476
8093, 3670
Point 3477
9516, 2151
Point 3478
9983, 1049
Point 3479
1185, 5142
Point 3480
4712, 3213
Point 3481
4310, 5529
Point 3482
7498, 4768
Point 3483
3618, 1154
Point 3484
8314, 7635
Point 3485
5575, 6790
Point 3486
224, 6318
Point 3487
6270, 6822
Point 3488
278, 3078
Point 3489
6672, 5757
Point 3490
1993, 3797
Point 3491
3160, 1395
Point 3492
6928, 7329
Point 3493
2343, 6445
Point 3494
9059, 3357
Point 3495
3096, 474
Point 3496
9813, 6405
Point 3497
5467, 5638
Point 3498
3422, 6531
Point 3499
5654, 6390
Point 3500
2019, 442
Point 3501
8603, 5538
Point 3502
7370, 312
Point 3503
4937, 6409
Point 3504
1480, 1406
Point 3505
6923, 3643
Point 3506
1431, 3766
Point 3507
8952, 3201
Point 3508
4768, 7685
Point 3509
1629, 5522
Point 3510
497, 7473
Point 3511
4972, 4466
Point 3512
7345, 3081
Point 3513
5464, 8653
Point 3514
5315, 4592
Point 3515
3721, 1141
Point 3516
8739, 258
Point 3517
4414, 7978
Point 3518
9098, 4822
Point 3519
7739, 6107
Point 3520
3632, 1174
Point 3521
2201, 6357
Point 3522
1461, 5064
Point 3523
1785, 7791
Point 3524
2335, 9541
Point 3525
6678, 5562
Point 3526
4426, 3067
Point 3527
5621, 5606
Point 3528
6625, 2853
Point 3529
9714, 5999
Point 3530
7708, 2844
Point 3531
2021, 6612
Point 3532
9417, 4014
Point 3533
4678, 5804
Point 3534
3021, 3150
Point 3535
5384, 5341
Point 3536
9252, 5118
Point 3537
8127, 2481
Point 3538
9619, 2817
Point 3539
8773, 1172
Point 3540
3082, 8404
Point 3541
4791, 2759
Point 3542
5810, 9225
Point 3543
9745, 194
Point 3544
3316, 1937
Point 3545
7466, 8809
Point 3546
3663, 8698
Point 3547
7827, 959
Point 3548
7615, 54
Point 3549
5903, 1510
Point 3550
6630, 128
Point 3551
8979, 6041
Point 3552
2405, 1103
Point 3553
1313, 3903
Point 3554
2323, 5597
Point 3555
4907, 3810
Point 3556
3594, 7526
Point 3557
5573, 521
Point 3558
5157, 4303
Point 3559
7568, 7352
Point 3560
455, 5822
Point 3561
6742, 744
Point 3562
6103, 8570
Point 3563
1723, 9928
Point 3564
1167, 6424
Point 3565
4992, 6843
Point 3566
9255, 3225
Point 3567
890, 8895
Point 3568
981, 6032
Point 3569
5547, 9888
Point 3570
7462, 2150
Point 3571
4550, 2513
Point 3572
6489, 7447
Point 3573
7736, 9170
Point 3574
1734, 8281
Point 3575
6946, 6531
Point 3576
1975, 4435
Point 3577
1764, 3316
Point 3578
1654, 5848
Point 3579
350, 9987
Point 3580
6325, 1667
Point 3581
7297, 3747
Point 3582
6528, 6146
Point 3583
8121, 2120
Point 3584
1465, 2270
Point 3585
471, 3651
Point 3586
9485, 630
Point 3587
5432, 4820
Point 3588
5817, 8034
Point 3589
8412, 8133
Point 3590
9279, 7616
Point 3591
7993, 7523
Point 3592
8737, 9804
Point 3593
2888, 3711
Point 3594
6984, 1379
Point 3595
1650, 3964
Point 3596
4414, 8109
Point 3597
7177, 7810
Point 3598
7346, 4938
Point 3599
8175, 2711
Point 3600
6221, 6554
Point 3601
2761, 1429
Point 3602
6988, 323
Point 3603
5142, 5882
Point 3604
4965, 3023
Point 3605
4952, 646
Point 3606
4216, 2598
Point 3607
197, 2969
Point 3608
7047, 6230
Point 3609
9035, 5112
Point 3610
7638, 6446
Point 3611
2609, 9180
Point 3612
980, 7657
Point 3613
1054, 4212
Point 3614
3336, 6596
Point 3615
7428, 208
Point 3616
3258, 1413
Point 3617
9816, 4056
Point 3618
2799, 5876
Point 3619
126, 7847
Point 3620
7050, 7060
Point 3621
9238, 946
Point 3622
6363, 7198
Point 3623
2039, 3371
Point 3624
9689, 2948
Point 3625
2623, 9517
Point 3626
9378, 8244
Point 3627
9502, 8084
Point 3628
7439, 82
Point 3629
2971, 6173
Point 3630
816, 159
Point 3631
1997, 2952
Point 3632
8513, 9079
Point 3633
5931, 1028
Point 3634
6571, 4026
Point 3635
7174, 1747
Point 3636
7826, 5241
Point 3637
4489, 3973
Point 3638
2152, 1427
Point 3639
3111, 4601
Point 3640
9446, 9294
Point 3641
6999, 3067
Point 3642
2017, 7859
Point 3643
639, 1386
Point 3644
5230, 3815
Point 3645
2649, 5900
Point 3646
5256, 321
Point 3647
1106, 6846
Point 3648
621, 7909
Point 3649
986, 7084
Point 3650
9866, 2831
Point 3651
7424, 1882
Point 3652
1080, 5156
Point 3653
4567, 7560
Point 3654
336, 6188
Point 3655
8741, 7908
Point 3656
5125, 2373
Point 3657
6367, 3866
Point 3658
5764, 751
Point 3659
1604, 3696
Point 3660
2465, 9237
Point 3661
6042, 8032
Point 3662
8245, 3532
Point 3663
2962, 6617
Point 3664
8195, 1298
Point 3665
1623, 1272
Point 3666
3747, 3393
Point 3667
2847, 2704
Point 3668
6535, 1424
Point 3669
5780, 7140
Point 3670
204, 628
Point 3671
7104, 2433
Point 3672
85, 7222
Point 3673
8228, 2301
Point 3674
55, 9724
Point 3675
3006, 1653
Point 3676
3078, 4470
Point 3677
8392, 5590
Point 3678
6951, 6600
Point 3679
3117, 9570
Point 3680
9596, 9093
Point 3681
4927, 8525
Point 3682
8859, 4093
Point 3683
5246, 8201
Point 3684
249, 2741
Point 3685
1195, 2936
Point 3686
2294, 1992
Point 3687
8847, 215
Point 3688
3263, 9480
Point 3689
8301, 3867
Point 3690
4896, 414
Point 3691
716, 4567
Point 3692
8476, 3667
Point 3693
9791, 8423
Point 3694
6085, 7797
Point 3695
5342, 1854
Point 3696
5214, 1514
Point 3697
4614, 3731
Point 3698
8025, 7313
Point 3699
7750, 3784
Point 3700
7517, 1417
Point 3701
7442, 9660
Point 3702
1606, 7978
Point 3703
9206, 3700
Point 3704
2693, 551
Point 3705
7962, 4488
Point 3706
4695, 9260
Point 3707
8618, 7547
Point 3708
1690, 7804
Point 3709
3232, 4158
Point 3710
2364, 459
Point 3711
4992, 7218
Point 3712
2240, 5565
Point 3713
9704, 8306
Point 3714
1327, 8670
Point 3715
8806, 670
Point 3716
8268, 5417
Point 3717
4019, 8712
Point 3718
3313, 1590
Point 3719
2627, 5754
Point 3720
1541, 5269
Point 3721
4176, 8340
Point 3722
4607, 3987
Point 3723
3847, 7139
Point 3724
4026, 7973
Point 3725
5170, 1641
Point 3726
1473, 9094
Point 3727
4881, 8271
Point 3728
1941, 3954
Point 3729
5709, 9267
Point 3730
3699, 8741
Point 3731
8676, 2768
Point 3732
4970, 2904
Point 3733
5099, 2875
Point 3734
979, 8489
Point 3735
9880, 2172
Point 3736
6622, 2067
Point 3737
1922, 8174
Point 3738
9367, 6583
Point 3739
4538, 9460
Point 3740
4212, 1167
Point 3741
8576, 6891
Point 3742
7529, 7983
Point 3743
3645, 244
Point 3744
9439, 6506
Point 3745
8312, 803
Point 3746
5012, 7294
Point 3747
8427, 6063
Point 3748
3026, 9279
Point 3749
3840, 3513
Point 3750
7264, 6851
Point 3751
7685, 6685
Point 3752
9430, 5643
Point 3753
9131, 8136
Point 3754
4628, 8777
Point 3755
67, 833
Point 3756
53, 8579
Point 3757
8494, 1544
Point 3758
5043, 2283
Point 3759
6614, 7248
Point 3760
5981, 4080
Point 3761
9550, 8347
Point 3762
2663, 15
Point 3763
1430, 499
Point 3764
3680, 6720
Point 3765
9188, 270
Point 3766
7145, 9716
Point 3767
825, 8473
Point 3768
9662, 2123
Point 3769
4116, 9090
Point 3770
803, 18
Point 3771
3796, 924
Point 3772
2578, 6385
Point 3773
98, 3799
Point 3774
3382, 1632
Point 3775
9182, 1033
Point 3776
3720, 4987
Point 3777
6494, 5151
Point 3778
6662, 7736
Point 3779
7351, 4370
Point 3780
9409, 6228
Point 3781
5185, 3264
Point 3782
3623, 9844
Point 3783
6771, 2173
Point 3784
1244, 6729
Point 3785
5502, 6442
Point 3786
9396, 7955
Point 3787
8320, 8371
Point 3788
2691, 9043
Point 3789
9250, 1869
Point 3790
3735, 6251
Point 3791
2675, 2251
Point 3792
2987, 3903
Point 3793
2432, 1355
Point 3794
7221, 8165
Point 3795
8646, 1196
Point 3796
1832, 2162
Point 3797
2775, 7788
Point 3798
5939, 7070
Point 3799
2796, 389
Point 3800
856, 3945
Point 3801
4660, 460
Point 3802
1849, 1411
Point 3803
3204, 8924
Point 3804
323, 5076
Point 3805
5554, 9924
Point 3806
8574, 5549
Point 3807
2717, 4213
Point 3808
2065, 3286
Point 3809
549, 5561
Point 3810
4840, 114
Point 3811
9554, 9115
Point 3812
2104, 9284
Point 3813
4111, 1505
Point 3814
285, 8153
Point 3815
5597, 8703
Point 3816
8955, 185
Point 3817
636, 9098
Point 3818
869, 5869
Point 3819
5235, 6080
Point 3820
6082, 5369
Point 3821
7914, 6543
Point 3822
3615, 9226
Point 3823
108, 9147
Point 3824
9471, 7294
Point 3825
111, 8906
Point 3826
2899, 226
Point 3827
7595, 2763
Point 3828
3821, 2300
Point 3829
9364, 4143
Point 3830
3019, 9134
Point 3831
3413, 3184
Point 3832
3307, 8952
Point 3833
7585, 3318
Point 3834
4277, 1442
Point 3835
1163, 4212
Point 3836
5399, 3959
Point 3837
2591, 5658
Point 3838
2285, 876
Point 3839
4182, 6963
Point 3840
8722, 8198
Point 3841
5145, 1631
Point 3842
2740, 2208
Point 3843
7559, 7662
Point 3844
8418, 7899
Point 3845
6024, 9699
Point 3846
6376, 185
Point 3847
645, 395
Point 3848
5005, 8514
Point 3849
4702, 4910
Point 3850
1337, 3358
Point 3851
2942, 4211
Point 3852
5187, 1323
Point 3853
3760, 0
Point 3854
2681, 4091
Point 3855
8686, 6509
Point 3856
5618, 5299
Point 3857
5621, 2157
Point 3858
1260, 8553
Point 3859
8002, 7104
Point 3860
3069, 9294
Point 3861
713, 1128
Point 3862
6682, 2970
Point 3863
4975, 9908
Point 3864
6997, 2062
Point 3865
8652, 6818
Point 3866
1599, 4936
Point 3867
5481, 1616
Point 3868
2984, 171
Point 3869
6564, 7050
Point 3870
7036, 1065
Point 3871
141, 9331
Point 3872
8015, 6346
Point 3873
1134, 8655
Point 3874
997, 4774
Point 3875
243, 1535
Point 3876
1088, 3267
Point 3877
3487, 7548
Point 3878
5066, 489
Point 3879
6983, 9311
Point 3880
5115, 379
Point 3881
8504, 5959
Point 3882
6234, 3064
Point 3883
6881, 7249
Point 3884
8605, 3740
Point 3885
2674, 7486
Point 3886
3678, 3696
Point 3887
8718, 5935
Point 3888
8100, 1449
Point 3889
7084, 3120
Point 3890
2716, 6129
Point 3891
9855, 438
Point 3892
4831, 9704
Point 3893
4645, 3931
Point 3894
674, 9438
Point 3895
2270, 1715
Point 3896
1594, 7007
Point 3897
3162, 8548
Point 3898
1876, 6178
Point 3899
1183, 354
Point 3900
8295, 6577
Point 3901
8345, 6125
Point 3902
1498, 7190
Point 3903
1602, 4545
Point 3904
7164, 9497
Point 3905
3361, 7942
Point 3906
500, 6852
Point 3907
659, 6722
Point 3908
1093, 3641
Point 3909
4035, 3305
Point 3910
6381, 5060
Point 3911
6075, 5771
Point 3912
1103, 5912
Point 3913
1296, 7917
Point 3914
6955, 4741
Point 3915
3613, 4225
Point 3916
1377, 7840
Point 3917
4969, 5378
Point 3918
6909, 6167
Point 3919
8863, 2361
Point 3920
2882, 7074
Point 3921
5523, 4977
Point 3922
9338, 1881
Point 3923
1219, 3604
Point 3924
9013, 9802
Point 3925
2860, 1447
Point 3926
7003, 8502
Point 3927
393, 8172
Point 3928
9266, 1648
Point 3929
3773, 4840
Point 3930
537, 4222
Point 3931
8324, 4348
Point 3932
9403, 7081
Point 3933
2137, 1190
Point 3934
3311, 3261
Point 3935
1828, 9322
Point 3936
9088, 9873
Point 3937
8479, 7121
Point 3938
5208, 1084
Point 3939
3837, 3995
Point 3940
469, 9640
Point 3941
7987, 4084
Point 3942
14, 6662
Point 3943
3595, 8666
Point 3944
3692, 2027
Point 3945
8590, 356
Point 3946
3662, 573
Point 3947
8640, 9029
Point 3948
7804, 2542
Point 3949
3192, 1492
Point 3950
3051, 225
Point 3951
3944, 4366
Point 3952
8044, 6614
Point 3953
2673, 2385
Point 3954
7671, 5991
Point 3955
6048, 2382
Point 3956
2983, 883
Point 3957
8749, 6589
Point 3958
8753, 4547
Point 3959
2550, 7570
Point 3960
7496, 3282
Point 3961
8306, 1087
Point 3962
3183, 8208
Point 3963
9802, 2534
Point 3964
42, 1942
Point 3965
3286, 7149
Point 3966
1891, 1536
Point 3967
4154, 4187
Point 3968
5225, 5460
Point 3969
2761, 461
Point 3970
4955, 9021
Point 3971
4609, 9218
Point 3972
5118, 9566
Point 3973
6258, 6178
Point 3974
8141, 129
Point 3975
7240, 5770
Point 3976
5327, 7734
Point 3977
9972, 7065
Point 3978
8101, 483
Point 3979
4210, 722
Point 3980
4258, 5772
Point 3981
9940, 5401
Point 3982
5964, 494
Point 3983
2758, 4495
Point 3984
6585, 2933
Point 3985
8796, 1799
Point 3986
1546, 5211
Point 3987
1998, 7800
Point 3988
4382, 4582
Point 3989
5205, 6604
Point 3990
2894, 1691
Point 3991
7880, 7241
Point 3992
1892, 3959
Point 3993
7564, 2050
Point 3994
8406, 2671
Point 3995
9169, 9178
Point 3996
2424, 3083
Point 3997
6094, 5818
Point 3998
1244, 7831
Point 3999
9793, 3778
Point 4000
8341, 5328
